5568
-0.375971
0.602542
-0.0536075
0.0155728
0.665706
-0.326727
0.886848
-0.326727
-0.39798
0.580533
0.0536075
0
0.612063
-0.886848
0.326727
0.326727
-0.375971
0.602542
0.0536075
0.0155728
0.612063
-0.367001
0.854763
0.367001
-0.375971
0.602542
0.0536075
0.0155728
0.612063
-0.367001
0.854763
0.367001
0.375971
0.602542
0.0536075
0.391793
0.612063
0.326727
0.886848
0.326727
-0.375971
0.602542
-0.0536075
0.0155728
0.665706
-0.326727
0.886848
-0.326727
-0.375971
0.602542
0.0536075
0.422939
0.612063
-0.367001
0.854763
0.367001
-0.375971
0.580533
0.0756162
0.422939
0.59649
-0.292403
0.453374
0.841993
0.375971
0.602542
0.0536075
0.799159
0.612063
0.326727
0.886848
0.326727
0.375971
0.602542
0.0536075
0.828218
0.612063
0.326727
0.886848
0.326727
0.39798
0.580533
-0.0536075
0.881861
0.59649
0.886848
0.326727
-0.326727
0.375971
0.602542
-0.0536075
0.881861
0.612063
0.367001
0.854763
-0.367001
0.375971
0.602542
-0.0536075
0.391793
0.665706
0.367001
0.854763
-0.367001
-0.375971
0.602542
-0.0536075
0.0155728
0.665706
-0.326727
0.886848
-0.326727
0.375971
0.602542
0.0536075
0.391793
0.612063
0.326727
0.886848
0.326727
0.375971
0.602542
-0.0536075
0.0155728
0.612063
0.367001
0.854763
-0.367001
0.375971
0.580533
-0.0756162
0.0155728
0.59649
0.292403
0.453374
-0.841993
-0.375971
0.602542
-0.0536075
0.391793
0.612063
-0.326727
0.886848
-0.326727
0.39798
-0.580533
0.0536075
0.828218
0.0155728
0.892863
-0.244078
0.378446
0.375971
-0.602542
0.0536075
0.828218
0
0.326727
-0.886848
0.326727
0.39798
-0.580533
-0.0536075
0.881861
0.0155728
0.841993
-0.453374
-0.292403
0.39798
-0.580533
-0.0536075
0.881861
0.0155728
0.841993
-0.453374
-0.292403
0.39798
0.580533
-0.0536075
0.881861
0.59649
0.886848
0.326727
-0.326727
0.39798
-0.580533
0.0536075
0.828218
0.0155728
0.892863
-0.244078
0.378446
0.39798
-0.580533
-0.0536075
0
0.0155728
0.841993
-0.453374
-0.292403
0.375971
-0.580533
-0.0756162
0.0155728
0.0155728
0.326727
-0.326727
-0.886848
0.39798
0.580533
-0.0536075
6.16174e-15
0.59649
0.886848
0.326727
-0.326727
0.39798
0.580533
-0.0536075
0.881861
0.59649
0.886848
0.326727
-0.326727
0.375971
0.602542
0.0536075
0.828218
0.612063
0.326727
0.886848
0.326727
0.39798
0.580533
0.0536075
0.828218
0.59649
0.854763
0.367001
0.367001
0.39798
0.580533
-0.0536075
0.881861
0.59649
0.886848
0.326727
-0.326727
0.375971
0.580533
-0.0756162
0.895347
0.604276
0.292403
0.453374
-0.841993
0.375971
0.602542
-0.0536075
0.881861
0.612063
0.367001
0.854763
-0.367001
0.39798
0.580533
0.0536075
0.828218
0.59649
0.854763
0.367001
0.367001
0.39798
-0.580533
0.0536075
0.828218
0.0155728
0.892863
-0.244078
0.378446
0.39798
0.580533
-0.0536075
0.881861
0.59649
0.886848
0.326727
-0.326727
0.39798
0.580533
0.0536075
0.814731
0.59649
0.854763
0.367001
0.367001
0.375971
0.580533
0.0756162
0.799159
0.59649
0.378446
0.244078
0.892863
0.39798
-0.580533
0.0536075
0.814731
0.0155728
0.892863
-0.244078
0.378446
-0.375971
-0.580533
-0.0756162
0.391793
0.0155728
-0.367001
-0.367001
-0.854763
-0.39798
-0.580533
-0.0536075
0.407366
0.0155728
-0.892863
-0.244078
-0.378446
-0.375971
0.580533
-0.0756162
0.391793
0.59649
-0.378446
0.244078
-0.892863
-0.375971
0.580533
-0.0756162
0.391793
0.59649
-0.378446
0.244078
-0.892863
-0.375971
0.602542
-0.0536075
0.391793
0.612063
-0.326727
0.886848
-0.326727
0.375971
0.580533
-0.0756162
0.0155728
0.59649
0.292403
0.453374
-0.841993
-0.375971
0.580533
-0.0756162
0.391793
0.59649
-0.378446
0.244078
-0.892863
0.375971
-0.580533
-0.0756162
0.0155728
0.0155728
0.326727
-0.326727
-0.886848
-0.375971
-0.580533
-0.0756162
0.391793
0.0155728
-0.367001
-0.367001
-0.854763
-0.375971
0.580533
-0.0756162
0.872422
0.629726
-0.378446
0.244078
-0.892863
-0.39798
0.580533
-0.0536075
0.885909
0.62194
-0.854763
0.367001
-0.367001
-0.375971
0.602542
-0.0536075
0.885909
0.637513
-0.326727
0.886848
-0.326727
0.375971
0.580533
-0.0756162
0.0155728
0.59649
0.292403
0.453374
-0.841993
0.39798
0.580533
-0.0536075
6.16174e-15
0.59649
0.886848
0.326727
-0.326727
0.375971
-0.580533
-0.0756162
0.0155728
0.0155728
0.326727
-0.326727
-0.886848
0.375971
0.580533
-0.0756162
0.0155728
0.59649
0.292403
0.453374
-0.841993
0.375971
-0.580533
-0.0756162
0.0155728
0.0155728
0.326727
-0.326727
-0.886848
-0.375971
0.580533
-0.0756162
0.391793
0.59649
-0.378446
0.244078
-0.892863
0.375971
-0.580533
-0.0756162
0.0155728
0.0155728
0.326727
-0.326727
-0.886848
-0.375971
-0.602542
-0.0536075
0.391793
0
-0.326727
-0.886848
-0.326727
-0.375971
-0.580533
-0.0756162
0.391793
0.0155728
-0.367001
-0.367001
-0.854763
-0.375971
-0.602542
0.0536075
0.962445
0
-0.367001
-0.854763
0.367001
-0.39798
-0.580533
0.0536075
0.962507
0.0155727
-0.841993
-0.453374
0.292403
-0.375971
-0.602542
-0.0536075
0.908803
0.00021214
-0.326727
-0.886848
-0.326727
-0.375971
-0.602542
-0.0536075
0.391793
0
-0.326727
-0.886848
-0.326727
0.375971
-0.580533
-0.0756162
0.0155728
0.0155728
0.326727
-0.326727
-0.886848
0.375971
-0.602542
-0.0536075
0.0155728
3.9968e-15
0.367001
-0.854763
-0.367001
-0.375971
-0.602542
-0.0536075
0.37622
0.719349
-0.326727
-0.886848
-0.326727
0.375971
-0.602542
0.0536075
0
0.665706
0.326727
-0.886848
0.326727
-0.375971
-0.602542
0.0536075
0.37622
0.665706
-0.367001
-0.854763
0.367001
0.375971
-0.602542
-0.0536075
0.881861
1.11022e-16
0.367001
-0.854763
-0.367001
0.39798
-0.580533
-0.0536075
0.881861
0.0155728
0.841993
-0.453374
-0.292403
0.375971
-0.602542
0.0536075
0.828218
0
0.326727
-0.886848
0.326727
0.375971
-0.602542
-0.0536075
0.881861
1.11022e-16
0.367001
-0.854763
-0.367001
0.375971
-0.580533
-0.0756162
0.895347
0.00778641
0.326727
-0.326727
-0.886848
0.39798
-0.580533
-0.0536075
0.881861
0.0155728
0.841993
-0.453374
-0.292403
0.375971
-0.602542
-0.0536075
2.77556e-17
0.719349
0.367001
-0.854763
-0.367001
0.375971
-0.602542
0.0536075
0
0.665706
0.326727
-0.886848
0.326727
-0.375971
-0.602542
-0.0536075
0.37622
0.719349
-0.326727
-0.886848
-0.326727
0.375971
-0.602542
0.0536075
0.799159
0
0.326727
-0.886848
0.326727
-0.375971
-0.580533
0.0756162
0.422939
0.0155728
-0.326727
-0.326727
0.886848
-0.375971
-0.602542
0.0536075
0.422939
1.05471e-15
-0.367001
-0.854763
0.367001
-0.39798
-0.580533
-0.0536075
0.908864
0.0157848
-0.892863
-0.244078
-0.378446
-0.375971
-0.580533
-0.0756162
0.895347
0.00805182
-0.367001
-0.367001
-0.854763
-0.375971
-0.602542
-0.0536075
0.908803
0.00021214
-0.326727
-0.886848
-0.326727
-0.39798
-0.580533
-0.0536075
0.908864
0.0157848
-0.892863
-0.244078
-0.378446
-0.375971
-0.602542
-0.0536075
0.908803
0.00021214
-0.326727
-0.886848
-0.326727
-0.39798
-0.580533
0.0536075
0.962507
0.0155727
-0.841993
-0.453374
0.292403
-0.39798
-0.580533
0.0536075
0.962507
0.0155727
-0.841993
-0.453374
0.292403
-0.39798
0.580533
0.0536075
0.964804
0.596485
-0.886848
0.326727
0.326727
-0.39798
-0.580533
-0.0536075
0.908864
0.0157848
-0.892863
-0.244078
-0.378446
-0.39798
-0.580533
0.0536075
0.407366
0.0155728
-0.841993
-0.453374
0.292403
-0.375971
-0.580533
0.0756162
0.422939
0.0155728
-0.326727
-0.326727
0.886848
-0.39798
0.580533
0.0536075
0.407366
0.59649
-0.886848
0.326727
0.326727
-0.39798
0.580533
0.0536075
0
0.612063
-0.886848
0.326727
0.326727
-0.375971
0.602542
-0.0536075
0.0155728
0.665706
-0.326727
0.886848
-0.326727
-0.39798
0.580533
-0.0536075
0
0.665706
-0.854763
0.367001
-0.367001
-0.39798
0.580533
0.0536075
0.872422
0.637513
-0.886848
0.326727
0.326727
-0.375971
0.580533
0.0756162
0.885909
0.645299
-0.292403
0.453374
0.841993
-0.375971
0.602542
0.0536075
0.872422
0.653085
-0.367001
0.854763
0.367001
-0.39798
0.580533
-0.0536075
0.407366
0.59649
-0.854763
0.367001
-0.367001
-0.375971
0.580533
-0.0756162
0.391793
0.59649
-0.378446
0.244078
-0.892863
-0.39798
-0.580533
-0.0536075
0.407366
0.0155728
-0.892863
-0.244078
-0.378446
-0.39798
0.580533
-0.0536075
0.911162
0.596698
-0.854763
0.367001
-0.367001
-0.39798
-0.580533
-0.0536075
0.908864
0.0157848
-0.892863
-0.244078
-0.378446
-0.39798
0.580533
0.0536075
0.964804
0.596485
-0.886848
0.326727
0.326727
-0.375971
0.580533
0.0756162
0.422939
0.59649
-0.292403
0.453374
0.841993
-0.39798
0.580533
0.0536075
0.407366
0.59649
-0.886848
0.326727
0.326727
-0.375971
-0.580533
0.0756162
0.422939
0.0155728
-0.326727
-0.326727
0.886848
-0.375971
-0.580533
0.0756162
0.422939
0.0155728
-0.326727
-0.326727
0.886848
0.375971
-0.602542
0.0536075
0.799159
0
0.326727
-0.886848
0.326727
0.375971
-0.580533
0.0756162
0.799159
0.0155728
0.367001
-0.367001
0.854763
-0.375971
-0.580533
0.0756162
0.975963
0.00773301
-0.326727
-0.326727
0.886848
-0.39798
-0.580533
0.0536075
0.962507
0.0155727
-0.841993
-0.453374
0.292403
-0.375971
-0.602542
0.0536075
0.962445
0
-0.367001
-0.854763
0.367001
-0.375971
-0.580533
0.0756162
0.422939
0.0155728
-0.326727
-0.326727
0.886848
0.375971
0.580533
0.0756162
0.799159
0.59649
0.378446
0.244078
0.892863
-0.375971
0.580533
0.0756162
0.422939
0.59649
-0.292403
0.453374
0.841993
0.375971
-0.580533
0.0756162
0.799159
0.0155728
0.367001
-0.367001
0.854763
0.39798
-0.580533
0.0536075
0.814731
0.0155728
0.892863
-0.244078
0.378446
0.375971
0.580533
0.0756162
0.799159
0.59649
0.378446
0.244078
0.892863
0.375971
-0.580533
0.0756162
0.814731
0.00778641
0.367001
-0.367001
0.854763
0.375971
-0.602542
0.0536075
0.828218
0
0.326727
-0.886848
0.326727
0.39798
-0.580533
0.0536075
0.828218
0.0155728
0.892863
-0.244078
0.378446
0.375971
-0.580533
0.0756162
0.799159
0.0155728
0.367001
-0.367001
0.854763
0.375971
0.580533
0.0756162
0.799159
0.59649
0.378446
0.244078
0.892863
-0.375971
-0.580533
0.0756162
0.422939
0.0155728
-0.326727
-0.326727
0.886848
0.375971
0.580533
0.0756162
0.799159
0.59649
0.378446
0.244078
0.892863
0.375971
0.602542
0.0536075
0.799159
0.612063
0.326727
0.886848
0.326727
-0.375971
0.580533
0.0756162
0.422939
0.59649
-0.292403
0.453374
0.841993
0.375971
0.580533
0.0756162
0.814731
0.604276
0.378446
0.244078
0.892863
0.39798
0.580533
0.0536075
0.828218
0.59649
0.854763
0.367001
0.367001
0.375971
0.602542
0.0536075
0.828218
0.612063
0.326727
0.886848
0.326727
0.294991
0.154107
-0.0836798
0.444426
0.715841
0.209426
0.505598
-0.836966
0.255127
0.154107
-0.0836798
0.464371
0.715841
-0.26796
0.646914
-0.713933
0.275059
0.158072
-0.0836798
0.454398
0.717825
0
0.969015
-0.247
0.294991
0.154107
-0.0836798
0.925851
0.611704
0.209426
0.505598
-0.836966
0.294991
0.154107
-0.0734271
0.925851
0.606574
0.340936
0.823093
0.454182
0.311888
0.142817
-0.0836798
0.936019
0.611704
0.561699
0.561699
-0.607444
0.255127
0.154107
-0.0836798
0.464371
0.715841
-0.26796
0.646914
-0.713933
0.294991
0.154107
-0.0836798
0.444426
0.715841
0.209426
0.505598
-0.836966
0.23823
0.142817
-0.0836798
0.472825
0.710192
-0.561699
0.561699
-0.607444
0.255127
0.154107
-0.0836798
0.905515
0.611704
-0.26796
0.646914
-0.713933
0.255127
0.154107
-0.0734271
0.905515
0.606574
-0.303989
0.733895
0.607444
0.275059
0.158072
-0.0836798
0.915683
0.611704
0
0.969015
-0.247
0.311888
0.142817
-0.0836798
0.435971
0.710192
0.561699
0.561699
-0.607444
0.23823
0.142817
-0.0836798
0.472825
0.710192
-0.561699
0.561699
-0.607444
0.294991
0.154107
-0.0836798
0.444426
0.715841
0.209426
0.505598
-0.836966
0.311888
0.142817
-0.0836798
0.951716
0.652734
0.561699
0.561699
-0.607444
0.323178
0.125919
-0.0734271
0.946586
0.642566
0.733895
0.303989
0.607444
0.323178
0.125919
-0.0836798
0.951716
0.642566
0.505598
0.209426
-0.836966
0.23823
0.142817
-0.0836798
0.472825
0.710192
-0.561699
0.561699
-0.607444
0.311888
0.142817
-0.0836798
0.435971
0.710192
0.561699
0.561699
-0.607444
0.226939
0.125919
-0.0836798
0.478474
0.701738
-0.505598
0.209426
-0.836966
0.23823
0.142817
-0.0836798
0.895347
0.611704
-0.561699
0.561699
-0.607444
0.255127
0.154107
-0.0734271
0.905515
0.606574
-0.303989
0.733895
0.607444
0.255127
0.154107
-0.0836798
0.905515
0.611704
-0.26796
0.646914
-0.713933
0.323178
0.125919
-0.0836798
0.430322
0.701738
0.505598
0.209426
-0.836966
0.226939
0.125919
-0.0836798
0.478474
0.701738
-0.505598
0.209426
-0.836966
0.311888
0.142817
-0.0836798
0.435971
0.710192
0.561699
0.561699
-0.607444
0.323178
0.125919
-0.0836798
0.951716
0.642566
0.505598
0.209426
-0.836966
0.323178
0.125919
-0.0734271
0.946586
0.642566
0.733895
0.303989
0.607444
0.327143
0.105987
-0.0836798
0.951716
0.632399
0.794363
1.686e-16
-0.607444
0.226939
0.125919
-0.0836798
0.478474
0.701738
-0.505598
0.209426
-0.836966
0.323178
0.125919
-0.0836798
0.430322
0.701738
0.505598
0.209426
-0.836966
0.222975
0.105987
-0.0836798
0.480458
0.691765
-0.794363
1.686e-16
-0.607444
0.226939
0.125919
-0.0836798
0.961975
0.642566
-0.505598
0.209426
-0.836966
0.226939
0.125919
-0.0734271
0.967105
0.642566
-0.733895
0.303989
0.607444
0.23823
0.142817
-0.0836798
0.961975
0.652734
-0.561699
0.561699
-0.607444
0.327143
0.105987
-0.0836798
0.428339
0.691765
0.794363
1.686e-16
-0.607444
0.222975
0.105987
-0.0836798
0.480458
0.691765
-0.794363
1.686e-16
-0.607444
0.323178
0.125919
-0.0836798
0.430322
0.701738
0.505598
0.209426
-0.836966
0.327143
0.105987
-0.0836798
0.951716
0.632399
0.794363
1.686e-16
-0.607444
0.323178
0.0860557
-0.0734271
0.946586
0.622231
0.733895
-0.303989
0.607444
0.323178
0.0860557
-0.0836798
0.951716
0.622231
0.505598
-0.209426
-0.836966
0.222975
0.105987
-0.0836798
0.480458
0.691765
-0.794363
1.686e-16
-0.607444
0.327143
0.105987
-0.0836798
0.428339
0.691765
0.794363
1.686e-16
-0.607444
0.226939
0.0860557
-0.0836798
0.478474
0.681793
-0.505598
-0.209426
-0.836966
0.222975
0.105987
-0.0836798
0.961975
0.632399
-0.794363
1.686e-16
-0.607444
0.226939
0.125919
-0.0734271
0.967105
0.642566
-0.733895
0.303989
0.607444
0.226939
0.125919
-0.0836798
0.961975
0.642566
-0.505598
0.209426
-0.836966
0.323178
0.0860557
-0.0836798
0.430322
0.681793
0.505598
-0.209426
-0.836966
0.226939
0.0860557
-0.0836798
0.478474
0.681793
-0.505598
-0.209426
-0.836966
0.327143
0.105987
-0.0836798
0.428339
0.691765
0.794363
1.686e-16
-0.607444
0.323178
0.0860557
-0.0836798
0.951716
0.622231
0.505598
-0.209426
-0.836966
0.323178
0.0860557
-0.0734271
0.946586
0.622231
0.733895
-0.303989
0.607444
0.311888
0.0691583
-0.0836798
0.951716
0.612063
0.561699
-0.561699
-0.607444
0.226939
0.0860557
-0.0836798
0.478474
0.681793
-0.505598
-0.209426
-0.836966
0.323178
0.0860557
-0.0836798
0.430322
0.681793
0.505598
-0.209426
-0.836966
0.23823
0.0691583
-0.0836798
0.472825
0.673338
-0.561699
-0.561699
-0.607444
0.226939
0.0860557
-0.0836798
0.961975
0.622231
-0.505598
-0.209426
-0.836966
0.226939
0.0860557
-0.0734271
0.967105
0.622231
-0.733895
-0.303989
0.607444
0.222975
0.105987
-0.0836798
0.961975
0.632399
-0.794363
1.686e-16
-0.607444
0.311888
0.0691583
-0.0836798
0.435971
0.673338
0.561699
-0.561699
-0.607444
0.23823
0.0691583
-0.0836798
0.472825
0.673338
-0.561699
-0.561699
-0.607444
0.323178
0.0860557
-0.0836798
0.430322
0.681793
0.505598
-0.209426
-0.836966
0.311888
0.0691583
-0.0836798
0.831751
0.62707
0.561699
-0.561699
-0.607444
0.294991
0.0578679
-0.0734271
0.841919
0.62194
0.303989
-0.733895
0.607444
0.294991
0.0578679
-0.0836798
0.841919
0.62707
0.26796
-0.646914
-0.713933
0.23823
0.0691583
-0.0836798
0.472825
0.673338
-0.561699
-0.561699
-0.607444
0.311888
0.0691583
-0.0836798
0.435971
0.673338
0.561699
-0.561699
-0.607444
0.255127
0.0578679
-0.0836798
0.464371
0.66769
-0.209426
-0.505598
-0.836966
0.23823
0.0691583
-0.0836798
0.961975
0.612063
-0.561699
-0.561699
-0.607444
0.226939
0.0860557
-0.0734271
0.967105
0.622231
-0.733895
-0.303989
0.607444
0.226939
0.0860557
-0.0836798
0.961975
0.622231
-0.505598
-0.209426
-0.836966
0.294991
0.0578679
-0.0836798
0.444426
0.66769
0.26796
-0.646914
-0.713933
0.255127
0.0578679
-0.0836798
0.464371
0.66769
-0.209426
-0.505598
-0.836966
0.311888
0.0691583
-0.0836798
0.435971
0.673338
0.561699
-0.561699
-0.607444
0.294991
0.0578679
-0.0836798
0.841919
0.62707
0.26796
-0.646914
-0.713933
0.294991
0.0578679
-0.0734271
0.841919
0.62194
0.303989
-0.733895
0.607444
0.275059
0.0539032
-0.0836798
0.852087
0.62707
0
-0.969015
-0.247
0.255127
0.0578679
-0.0836798
0.862255
0.62707
-0.209426
-0.505598
-0.836966
0.255127
0.0578679
-0.0734271
0.862255
0.62194
-0.340936
-0.823093
0.454182
0.23823
0.0691583
-0.0836798
0.872422
0.62707
-0.561699
-0.561699
-0.607444
0.275059
0.158072
-0.0836798
0.915683
0.611704
0
0.969015
-0.247
0.294991
0.154107
-0.0734271
0.925851
0.606574
0.340936
0.823093
0.454182
0.294991
0.154107
-0.0836798
0.925851
0.611704
0.209426
0.505598
-0.836966
0.275059
0.0539032
-0.0836798
0.454398
0.665706
0
-0.969015
-0.247
0.255127
0.0578679
-0.0836798
0.464371
0.66769
-0.209426
-0.505598
-0.836966
0.294991
0.0578679
-0.0836798
0.444426
0.66769
0.26796
-0.646914
-0.713933
0.275059
0.0539032
-0.0836798
0.852087
0.62707
0
-0.969015
-0.247
0.255127
0.0578679
-0.0734271
0.862255
0.62194
-0.340936
-0.823093
0.454182
0.255127
0.0578679
-0.0836798
0.862255
0.62707
-0.209426
-0.505598
-0.836966
0.311888
0.142817
-0.0734271
0.936019
0.606574
0.386968
0.386968
0.836966
0.311888
0.142817
-0.0836798
0.936019
0.611704
0.561699
0.561699
-0.607444
0.294991
0.154107
-0.0734271
0.925851
0.606574
0.340936
0.823093
0.454182
0.311888
0.142817
-0.0734271
0.938954
0.656549
0.386968
0.386968
0.836966
0.23823
0.142817
-0.0734271
0.9021
0.656549
-0.386968
0.386968
0.836966
0.323178
0.125919
-0.0734271
0.944603
0.648095
0.733895
0.303989
0.607444
0.311888
0.142817
-0.0734271
0.946586
0.652734
0.386968
0.386968
0.836966
0.323178
0.125919
-0.0734271
0.946586
0.642566
0.733895
0.303989
0.607444
0.311888
0.142817
-0.0836798
0.951716
0.652734
0.561699
0.561699
-0.607444
0.294991
0.154107
-0.0734271
0.925851
0.606574
0.340936
0.823093
0.454182
0.275059
0.158072
-0.0836798
0.915683
0.611704
0
0.969015
-0.247
0.275059
0.158072
-0.0734271
0.915683
0.606574
0
0.890909
0.454182
0.294991
0.154107
-0.0734271
0.930499
0.662198
0.340936
0.823093
0.454182
0.255127
0.154107
-0.0734271
0.910554
0.662198
-0.303989
0.733895
0.607444
0.311888
0.142817
-0.0734271
0.938954
0.656549
0.386968
0.386968
0.836966
0.275059
0.158072
-0.0734271
0.915683
0.606574
0
0.890909
0.454182
0.275059
0.158072
-0.0836798
0.915683
0.611704
0
0.969015
-0.247
0.255127
0.154107
-0.0734271
0.905515
0.606574
-0.303989
0.733895
0.607444
0.275059
0.158072
-0.0734271
0.920527
0.664182
0
0.890909
0.454182
0.255127
0.154107
-0.0734271
0.910554
0.662198
-0.303989
0.733895
0.607444
0.294991
0.154107
-0.0734271
0.930499
0.662198
0.340936
0.823093
0.454182
0.255127
0.154107
-0.0734271
0.905515
0.606574
-0.303989
0.733895
0.607444
0.23823
0.142817
-0.0836798
0.895347
0.611704
-0.561699
0.561699
-0.607444
0.23823
0.142817
-0.0734271
0.895347
0.606574
-0.386968
0.386968
0.836966
0.23823
0.142817
-0.0734271
0.967105
0.652734
-0.386968
0.386968
0.836966
0.23823
0.142817
-0.0836798
0.961975
0.652734
-0.561699
0.561699
-0.607444
0.226939
0.125919
-0.0734271
0.967105
0.642566
-0.733895
0.303989
0.607444
0.23823
0.142817
-0.0734271
0.9021
0.656549
-0.386968
0.386968
0.836966
0.311888
0.142817
-0.0734271
0.938954
0.656549
0.386968
0.386968
0.836966
0.255127
0.154107
-0.0734271
0.910554
0.662198
-0.303989
0.733895
0.607444
0.226939
0.125919
-0.0734271
0.967105
0.642566
-0.733895
0.303989
0.607444
0.222975
0.105987
-0.0836798
0.961975
0.632399
-0.794363
1.686e-16
-0.607444
0.222975
0.105987
-0.0734271
0.967105
0.632399
-0.547256
1.16152e-16
0.836966
0.226939
0.125919
-0.0734271
0.896451
0.648095
-0.733895
0.303989
0.607444
0.323178
0.125919
-0.0734271
0.944603
0.648095
0.733895
0.303989
0.607444
0.23823
0.142817
-0.0734271
0.9021
0.656549
-0.386968
0.386968
0.836966
0.222975
0.105987
-0.0734271
0.967105
0.632399
-0.547256
1.16152e-16
0.836966
0.222975
0.105987
-0.0836798
0.961975
0.632399
-0.794363
1.686e-16
-0.607444
0.226939
0.0860557
-0.0734271
0.967105
0.622231
-0.733895
-0.303989
0.607444
0.222975
0.105987
-0.0734271
0.894467
0.638122
-0.547256
1.16152e-16
0.836966
0.327143
0.105987
-0.0734271
0.946586
0.638122
0.547256
1.16152e-16
0.836966
0.226939
0.125919
-0.0734271
0.896451
0.648095
-0.733895
0.303989
0.607444
0.226939
0.0860557
-0.0734271
0.967105
0.622231
-0.733895
-0.303989
0.607444
0.23823
0.0691583
-0.0836798
0.961975
0.612063
-0.561699
-0.561699
-0.607444
0.23823
0.0691583
-0.0734271
0.967105
0.612063
-0.386968
-0.386968
0.836966
0.226939
0.0860557
-0.0734271
0.896451
0.62815
-0.733895
-0.303989
0.607444
0.323178
0.0860557
-0.0734271
0.944603
0.62815
0.733895
-0.303989
0.607444
0.222975
0.105987
-0.0734271
0.894467
0.638122
-0.547256
1.16152e-16
0.836966
0.23823
0.0691583
-0.0734271
0.872422
0.62194
-0.386968
-0.386968
0.836966
0.23823
0.0691583
-0.0836798
0.872422
0.62707
-0.561699
-0.561699
-0.607444
0.255127
0.0578679
-0.0734271
0.862255
0.62194
-0.340936
-0.823093
0.454182
0.23823
0.0691583
-0.0734271
0.9021
0.619695
-0.386968
-0.386968
0.836966
0.311888
0.0691583
-0.0734271
0.938954
0.619695
0.386968
-0.386968
0.836966
0.226939
0.0860557
-0.0734271
0.896451
0.62815
-0.733895
-0.303989
0.607444
0.255127
0.0578679
-0.0734271
0.862255
0.62194
-0.340936
-0.823093
0.454182
0.275059
0.0539032
-0.0836798
0.852087
0.62707
0
-0.969015
-0.247
0.275059
0.0539032
-0.0734271
0.852087
0.62194
0
-0.890909
0.454182
0.255127
0.0578679
-0.0734271
0.910554
0.614047
-0.340936
-0.823093
0.454182
0.294991
0.0578679
-0.0734271
0.930499
0.614047
0.303989
-0.733895
0.607444
0.23823
0.0691583
-0.0734271
0.9021
0.619695
-0.386968
-0.386968
0.836966
0.275059
0.0539032
-0.0734271
0.852087
0.62194
0
-0.890909
0.454182
0.275059
0.0539032
-0.0836798
0.852087
0.62707
0
-0.969015
-0.247
0.294991
0.0578679
-0.0734271
0.841919
0.62194
0.303989
-0.733895
0.607444
0.275059
0.0539032
-0.0734271
0.920527
0.612063
0
-0.890909
0.454182
0.294991
0.0578679
-0.0734271
0.930499
0.614047
0.303989
-0.733895
0.607444
0.255127
0.0578679
-0.0734271
0.910554
0.614047
-0.340936
-0.823093
0.454182
0.294991
0.0578679
-0.0734271
0.841919
0.62194
0.303989
-0.733895
0.607444
0.311888
0.0691583
-0.0836798
0.831751
0.62707
0.561699
-0.561699
-0.607444
0.311888
0.0691583
-0.0734271
0.831751
0.62194
0.386968
-0.386968
0.836966
0.311888
0.0691583
-0.0734271
0.946586
0.612063
0.386968
-0.386968
0.836966
0.311888
0.0691583
-0.0836798
0.951716
0.612063
0.561699
-0.561699
-0.607444
0.323178
0.0860557
-0.0734271
0.946586
0.622231
0.733895
-0.303989
0.607444
0.311888
0.0691583
-0.0734271
0.938954
0.619695
0.386968
-0.386968
0.836966
0.23823
0.0691583
-0.0734271
0.9021
0.619695
-0.386968
-0.386968
0.836966
0.294991
0.0578679
-0.0734271
0.930499
0.614047
0.303989
-0.733895
0.607444
0.323178
0.0860557
-0.0734271
0.946586
0.622231
0.733895
-0.303989
0.607444
0.327143
0.105987
-0.0836798
0.951716
0.632399
0.794363
1.686e-16
-0.607444
0.327143
0.105987
-0.0734271
0.946586
0.632399
0.547256
1.16152e-16
0.836966
0.323178
0.0860557
-0.0734271
0.944603
0.62815
0.733895
-0.303989
0.607444
0.226939
0.0860557
-0.0734271
0.896451
0.62815
-0.733895
-0.303989
0.607444
0.311888
0.0691583
-0.0734271
0.938954
0.619695
0.386968
-0.386968
0.836966
0.327143
0.105987
-0.0734271
0.946586
0.632399
0.547256
1.16152e-16
0.836966
0.327143
0.105987
-0.0836798
0.951716
0.632399
0.794363
1.686e-16
-0.607444
0.323178
0.125919
-0.0734271
0.946586
0.642566
0.733895
0.303989
0.607444
0.327143
0.105987
-0.0734271
0.946586
0.638122
0.547256
1.16152e-16
0.836966
0.222975
0.105987
-0.0734271
0.894467
0.638122
-0.547256
1.16152e-16
0.836966
0.323178
0.0860557
-0.0734271
0.944603
0.62815
0.733895
-0.303989
0.607444
0.323178
0.125919
-0.0734271
0.944603
0.648095
0.733895
0.303989
0.607444
0.226939
0.125919
-0.0734271
0.896451
0.648095
-0.733895
0.303989
0.607444
0.327143
0.105987
-0.0734271
0.946586
0.638122
0.547256
1.16152e-16
0.836966
0.150364
0.264704
-0.0832897
0.392307
0.715841
0.209426
0.505598
-0.836966
0.1105
0.264704
-0.0832897
0.412252
0.715841
-0.26796
0.646914
-0.713933
0.130432
0.268669
-0.0832897
0.402279
0.717825
3.97626e-16
0.969015
-0.247
0.150364
0.264704
-0.0832897
0.862255
0.637329
0.209426
0.505598
-0.836966
0.150364
0.264704
-0.073037
0.862255
0.632199
0.340936
0.823093
0.454182
0.167261
0.253414
-0.0832897
0.872422
0.637329
0.561699
0.561699
-0.607444
0.1105
0.264704
-0.0832897
0.412252
0.715841
-0.26796
0.646914
-0.713933
0.150364
0.264704
-0.0832897
0.392307
0.715841
0.209426
0.505598
-0.836966
0.0936028
0.253414
-0.0832897
0.420706
0.710192
-0.561699
0.561699
-0.607444
0.1105
0.264704
-0.0832897
0.841919
0.637329
-0.26796
0.646914
-0.713933
0.1105
0.264704
-0.073037
0.841919
0.632199
-0.303989
0.733895
0.607444
0.130432
0.268669
-0.0832897
0.852087
0.637329
3.97626e-16
0.969015
-0.247
0.167261
0.253414
-0.0832897
0.383853
0.710192
0.561699
0.561699
-0.607444
0.0936028
0.253414
-0.0832897
0.420706
0.710192
-0.561699
0.561699
-0.607444
0.150364
0.264704
-0.0832897
0.392307
0.715841
0.209426
0.505598
-0.836966
0.167261
0.253414
-0.0832897
0.956846
0.652734
0.561699
0.561699
-0.607444
0.178551
0.236516
-0.073037
0.951716
0.642566
0.733895
0.303989
0.607444
0.178551
0.236516
-0.0832897
0.956846
0.642566
0.505598
0.209426
-0.836966
0.0936028
0.253414
-0.0832897
0.420706
0.710192
-0.561699
0.561699
-0.607444
0.167261
0.253414
-0.0832897
0.383853
0.710192
0.561699
0.561699
-0.607444
0.0823123
0.236516
-0.0832897
0.426355
0.701738
-0.505598
0.209426
-0.836966
0.0936028
0.253414
-0.0832897
0.831751
0.637329
-0.561699
0.561699
-0.607444
0.1105
0.264704
-0.073037
0.841919
0.632199
-0.303989
0.733895
0.607444
0.1105
0.264704
-0.0832897
0.841919
0.637329
-0.26796
0.646914
-0.713933
0.178551
0.236516
-0.0832897
0.378204
0.701738
0.505598
0.209426
-0.836966
0.0823123
0.236516
-0.0832897
0.426355
0.701738
-0.505598
0.209426
-0.836966
0.167261
0.253414
-0.0832897
0.383853
0.710192
0.561699
0.561699
-0.607444
0.178551
0.236516
-0.0832897
0.956846
0.642566
0.505598
0.209426
-0.836966
0.178551
0.236516
-0.073037
0.951716
0.642566
0.733895
0.303989
0.607444
0.182516
0.216585
-0.0832897
0.956846
0.632399
0.794363
-7.86798e-17
-0.607444
0.0823123
0.236516
-0.0832897
0.426355
0.701738
-0.505598
0.209426
-0.836966
0.178551
0.236516
-0.0832897
0.378204
0.701738
0.505598
0.209426
-0.836966
0.0783476
0.216585
-0.0832897
0.428339
0.691765
-0.794363
-8.42998e-17
-0.607444
0.0823123
0.236516
-0.0832897
0.956846
0.642566
-0.505598
0.209426
-0.836966
0.0823123
0.236516
-0.073037
0.961975
0.642566
-0.733895
0.303989
0.607444
0.0936028
0.253414
-0.0832897
0.956846
0.652734
-0.561699
0.561699
-0.607444
0.182516
0.216585
-0.0832897
0.37622
0.691765
0.794363
-7.86798e-17
-0.607444
0.0783476
0.216585
-0.0832897
0.428339
0.691765
-0.794363
-8.42998e-17
-0.607444
0.178551
0.236516
-0.0832897
0.378204
0.701738
0.505598
0.209426
-0.836966
0.182516
0.216585
-0.0832897
0.956846
0.632399
0.794363
-7.86798e-17
-0.607444
0.178551
0.196653
-0.073037
0.951716
0.622231
0.733895
-0.303989
0.607444
0.178551
0.196653
-0.0832897
0.956846
0.622231
0.505598
-0.209426
-0.836966
0.0783476
0.216585
-0.0832897
0.428339
0.691765
-0.794363
-8.42998e-17
-0.607444
0.182516
0.216585
-0.0832897
0.37622
0.691765
0.794363
-7.86798e-17
-0.607444
0.0823123
0.196653
-0.0832897
0.426355
0.681793
-0.505598
-0.209426
-0.836966
0.0783476
0.216585
-0.0832897
0.956846
0.632399
-0.794363
-8.42998e-17
-0.607444
0.0823123
0.236516
-0.073037
0.961975
0.642566
-0.733895
0.303989
0.607444
0.0823123
0.236516
-0.0832897
0.956846
0.642566
-0.505598
0.209426
-0.836966
0.178551
0.196653
-0.0832897
0.378204
0.681793
0.505598
-0.209426
-0.836966
0.0823123
0.196653
-0.0832897
0.426355
0.681793
-0.505598
-0.209426
-0.836966
0.182516
0.216585
-0.0832897
0.37622
0.691765
0.794363
-7.86798e-17
-0.607444
0.178551
0.196653
-0.0832897
0.956846
0.622231
0.505598
-0.209426
-0.836966
0.178551
0.196653
-0.073037
0.951716
0.622231
0.733895
-0.303989
0.607444
0.167261
0.179755
-0.0832897
0.956846
0.612063
0.561699
-0.561699
-0.607444
0.0823123
0.196653
-0.0832897
0.426355
0.681793
-0.505598
-0.209426
-0.836966
0.178551
0.196653
-0.0832897
0.378204
0.681793
0.505598
-0.209426
-0.836966
0.0936028
0.179755
-0.0832897
0.420706
0.673338
-0.561699
-0.561699
-0.607444
0.0823123
0.196653
-0.0832897
0.956846
0.622231
-0.505598
-0.209426
-0.836966
0.0823123
0.196653
-0.073037
0.961975
0.622231
-0.733895
-0.303989
0.607444
0.0783476
0.216585
-0.0832897
0.956846
0.632399
-0.794363
-8.42998e-17
-0.607444
0.167261
0.179755
-0.0832897
0.383853
0.673338
0.561699
-0.561699
-0.607444
0.0936028
0.179755
-0.0832897
0.420706
0.673338
-0.561699
-0.561699
-0.607444
0.178551
0.196653
-0.0832897
0.378204
0.681793
0.505598
-0.209426
-0.836966
0.167261
0.179755
-0.0832897
0.831751
0.632199
0.561699
-0.561699
-0.607444
0.150364
0.168465
-0.073037
0.841919
0.62707
0.303989
-0.733895
0.607444
0.150364
0.168465
-0.0832897
0.841919
0.632199
0.26796
-0.646914
-0.713933
0.0936028
0.179755
-0.0832897
0.420706
0.673338
-0.561699
-0.561699
-0.607444
0.167261
0.179755
-0.0832897
0.383853
0.673338
0.561699
-0.561699
-0.607444
0.1105
0.168465
-0.0832897
0.412252
0.66769
-0.209426
-0.505598
-0.836966
0.0936028
0.179755
-0.0832897
0.956846
0.612063
-0.561699
-0.561699
-0.607444
0.0823123
0.196653
-0.073037
0.961975
0.622231
-0.733895
-0.303989
0.607444
0.0823123
0.196653
-0.0832897
0.956846
0.622231
-0.505598
-0.209426
-0.836966
0.150364
0.168465
-0.0832897
0.392307
0.66769
0.26796
-0.646914
-0.713933
0.1105
0.168465
-0.0832897
0.412252
0.66769
-0.209426
-0.505598
-0.836966
0.167261
0.179755
-0.0832897
0.383853
0.673338
0.561699
-0.561699
-0.607444
0.150364
0.168465
-0.0832897
0.841919
0.632199
0.26796
-0.646914
-0.713933
0.150364
0.168465
-0.073037
0.841919
0.62707
0.303989
-0.733895
0.607444
0.130432
0.1645
-0.0832897
0.852087
0.632199
3.90771e-16
-0.969015
-0.247
0.1105
0.168465
-0.0832897
0.862255
0.632199
-0.209426
-0.505598
-0.836966
0.1105
0.168465
-0.073037
0.862255
0.62707
-0.340936
-0.823093
0.454182
0.0936028
0.179755
-0.0832897
0.872422
0.632199
-0.561699
-0.561699
-0.607444
0.130432
0.268669
-0.0832897
0.852087
0.637329
3.97626e-16
0.969015
-0.247
0.150364
0.264704
-0.073037
0.862255
0.632199
0.340936
0.823093
0.454182
0.150364
0.264704
-0.0832897
0.862255
0.637329
0.209426
0.505598
-0.836966
0.130432
0.1645
-0.0832897
0.402279
0.665706
3.90771e-16
-0.969015
-0.247
0.1105
0.168465
-0.0832897
0.412252
0.66769
-0.209426
-0.505598
-0.836966
0.150364
0.168465
-0.0832897
0.392307
0.66769
0.26796
-0.646914
-0.713933
0.130432
0.1645
-0.0832897
0.852087
0.632199
3.90771e-16
-0.969015
-0.247
0.1105
0.168465
-0.073037
0.862255
0.62707
-0.340936
-0.823093
0.454182
0.1105
0.168465
-0.0832897
0.862255
0.632199
-0.209426
-0.505598
-0.836966
0.167261
0.253414
-0.073037
0.872422
0.632199
0.386968
0.386968
0.836966
0.167261
0.253414
-0.0832897
0.872422
0.637329
0.561699
0.561699
-0.607444
0.150364
0.264704
-0.073037
0.862255
0.632199
0.340936
0.823093
0.454182
0.167261
0.253414
-0.073037
0.524944
0.710192
0.386968
0.386968
0.836966
0.0936028
0.253414
-0.073037
0.48809
0.710192
-0.386968
0.386968
0.836966
0.178551
0.236516
-0.073037
0.530593
0.701738
0.733895
0.303989
0.607444
0.167261
0.253414
-0.073037
0.951716
0.652734
0.386968
0.386968
0.836966
0.178551
0.236516
-0.073037
0.951716
0.642566
0.733895
0.303989
0.607444
0.167261
0.253414
-0.0832897
0.956846
0.652734
0.561699
0.561699
-0.607444
0.150364
0.264704
-0.073037
0.862255
0.632199
0.340936
0.823093
0.454182
0.130432
0.268669
-0.0832897
0.852087
0.637329
3.97626e-16
0.969015
-0.247
0.130432
0.268669
-0.073037
0.852087
0.632199
5.42061e-16
0.890909
0.454182
0.150364
0.264704
-0.073037
0.516489
0.715841
0.340936
0.823093
0.454182
0.1105
0.264704
-0.073037
0.496544
0.715841
-0.303989
0.733895
0.607444
0.167261
0.253414
-0.073037
0.524944
0.710192
0.386968
0.386968
0.836966
0.130432
0.268669
-0.073037
0.852087
0.632199
5.42061e-16
0.890909
0.454182
0.130432
0.268669
-0.0832897
0.852087
0.637329
3.97626e-16
0.969015
-0.247
0.1105
0.264704
-0.073037
0.841919
0.632199
-0.303989
0.733895
0.607444
0.130432
0.268669
-0.073037
0.506517
0.717825
5.42061e-16
0.890909
0.454182
0.1105
0.264704
-0.073037
0.496544
0.715841
-0.303989
0.733895
0.607444
0.150364
0.264704
-0.073037
0.516489
0.715841
0.340936
0.823093
0.454182
0.1105
0.264704
-0.073037
0.841919
0.632199
-0.303989
0.733895
0.607444
0.0936028
0.253414
-0.0832897
0.831751
0.637329
-0.561699
0.561699
-0.607444
0.0936028
0.253414
-0.073037
0.831751
0.632199
-0.386968
0.386968
0.836966
0.0936028
0.253414
-0.073037
0.961975
0.652734
-0.386968
0.386968
0.836966
0.0936028
0.253414
-0.0832897
0.956846
0.652734
-0.561699
0.561699
-0.607444
0.0823123
0.236516
-0.073037
0.961975
0.642566
-0.733895
0.303989
0.607444
0.0936028
0.253414
-0.073037
0.48809
0.710192
-0.386968
0.386968
0.836966
0.167261
0.253414
-0.073037
0.524944
0.710192
0.386968
0.386968
0.836966
0.1105
0.264704
-0.073037
0.496544
0.715841
-0.303989
0.733895
0.607444
0.0823123
0.236516
-0.073037
0.961975
0.642566
-0.733895
0.303989
0.607444
0.0783476
0.216585
-0.0832897
0.956846
0.632399
-0.794363
-8.42998e-17
-0.607444
0.0783476
0.216585
-0.073037
0.961975
0.632399
-0.547256
-1.16152e-16
0.836966
0.0823123
0.236516
-0.073037
0.482441
0.701738
-0.733895
0.303989
0.607444
0.178551
0.236516
-0.073037
0.530593
0.701738
0.733895
0.303989
0.607444
0.0936028
0.253414
-0.073037
0.48809
0.710192
-0.386968
0.386968
0.836966
0.0783476
0.216585
-0.073037
0.961975
0.632399
-0.547256
-1.16152e-16
0.836966
0.0783476
0.216585
-0.0832897
0.956846
0.632399
-0.794363
-8.42998e-17
-0.607444
0.0823123
0.196653
-0.073037
0.961975
0.622231
-0.733895
-0.303989
0.607444
0.0783476
0.216585
-0.073037
0.480458
0.691765
-0.547256
-1.16152e-16
0.836966
0.182516
0.216585
-0.073037
0.532576
0.691765
0.547256
-1.08409e-16
0.836966
0.0823123
0.236516
-0.073037
0.482441
0.701738
-0.733895
0.303989
0.607444
0.0823123
0.196653
-0.073037
0.961975
0.622231
-0.733895
-0.303989
0.607444
0.0936028
0.179755
-0.0832897
0.956846
0.612063
-0.561699
-0.561699
-0.607444
0.0936028
0.179755
-0.073037
0.961975
0.612063
-0.386968
-0.386968
0.836966
0.0823123
0.196653
-0.073037
0.482441
0.681793
-0.733895
-0.303989
0.607444
0.178551
0.196653
-0.073037
0.530593
0.681793
0.733895
-0.303989
0.607444
0.0783476
0.216585
-0.073037
0.480458
0.691765
-0.547256
-1.16152e-16
0.836966
0.0936028
0.179755
-0.073037
0.872422
0.62707
-0.386968
-0.386968
0.836966
0.0936028
0.179755
-0.0832897
0.872422
0.632199
-0.561699
-0.561699
-0.607444
0.1105
0.168465
-0.073037
0.862255
0.62707
-0.340936
-0.823093
0.454182
0.0936028
0.179755
-0.073037
0.48809
0.673338
-0.386968
-0.386968
0.836966
0.167261
0.179755
-0.073037
0.524944
0.673338
0.386968
-0.386968
0.836966
0.0823123
0.196653
-0.073037
0.482441
0.681793
-0.733895
-0.303989
0.607444
0.1105
0.168465
-0.073037
0.862255
0.62707
-0.340936
-0.823093
0.454182
0.130432
0.1645
-0.0832897
0.852087
0.632199
3.90771e-16
-0.969015
-0.247
0.130432
0.1645
-0.073037
0.852087
0.62707
5.42061e-16
-0.890909
0.454182
0.1105
0.168465
-0.073037
0.496544
0.66769
-0.340936
-0.823093
0.454182
0.150364
0.168465
-0.073037
0.516489
0.66769
0.303989
-0.733895
0.607444
0.0936028
0.179755
-0.073037
0.48809
0.673338
-0.386968
-0.386968
0.836966
0.130432
0.1645
-0.073037
0.852087
0.62707
5.42061e-16
-0.890909
0.454182
0.130432
0.1645
-0.0832897
0.852087
0.632199
3.90771e-16
-0.969015
-0.247
0.150364
0.168465
-0.073037
0.841919
0.62707
0.303989
-0.733895
0.607444
0.130432
0.1645
-0.073037
0.506517
0.665706
5.42061e-16
-0.890909
0.454182
0.150364
0.168465
-0.073037
0.516489
0.66769
0.303989
-0.733895
0.607444
0.1105
0.168465
-0.073037
0.496544
0.66769
-0.340936
-0.823093
0.454182
0.150364
0.168465
-0.073037
0.841919
0.62707
0.303989
-0.733895
0.607444
0.167261
0.179755
-0.0832897
0.831751
0.632199
0.561699
-0.561699
-0.607444
0.167261
0.179755
-0.073037
0.831751
0.62707
0.386968
-0.386968
0.836966
0.167261
0.179755
-0.073037
0.951716
0.612063
0.386968
-0.386968
0.836966
0.167261
0.179755
-0.0832897
0.956846
0.612063
0.561699
-0.561699
-0.607444
0.178551
0.196653
-0.073037
0.951716
0.622231
0.733895
-0.303989
0.607444
0.167261
0.179755
-0.073037
0.524944
0.673338
0.386968
-0.386968
0.836966
0.0936028
0.179755
-0.073037
0.48809
0.673338
-0.386968
-0.386968
0.836966
0.150364
0.168465
-0.073037
0.516489
0.66769
0.303989
-0.733895
0.607444
0.178551
0.196653
-0.073037
0.951716
0.622231
0.733895
-0.303989
0.607444
0.182516
0.216585
-0.0832897
0.956846
0.632399
0.794363
-7.86798e-17
-0.607444
0.182516
0.216585
-0.073037
0.951716
0.632399
0.547256
-1.08409e-16
0.836966
0.178551
0.196653
-0.073037
0.530593
0.681793
0.733895
-0.303989
0.607444
0.0823123
0.196653
-0.073037
0.482441
0.681793
-0.733895
-0.303989
0.607444
0.167261
0.179755
-0.073037
0.524944
0.673338
0.386968
-0.386968
0.836966
0.182516
0.216585
-0.073037
0.951716
0.632399
0.547256
-1.08409e-16
0.836966
0.182516
0.216585
-0.0832897
0.956846
0.632399
0.794363
-7.86798e-17
-0.607444
0.178551
0.236516
-0.073037
0.951716
0.642566
0.733895
0.303989
0.607444
0.182516
0.216585
-0.073037
0.532576
0.691765
0.547256
-1.08409e-16
0.836966
0.0783476
0.216585
-0.073037
0.480458
0.691765
-0.547256
-1.16152e-16
0.836966
0.178551
0.196653
-0.073037
0.530593
0.681793
0.733895
-0.303989
0.607444
0.178551
0.236516
-0.073037
0.530593
0.701738
0.733895
0.303989
0.607444
0.0823123
0.236516
-0.073037
0.482441
0.701738
-0.733895
0.303989
0.607444
0.182516
0.216585
-0.073037
0.532576
0.691765
0.547256
-1.08409e-16
0.836966
-0.350272
0.0512467
-0.0710805
0.548977
0.626223
-0.408248
-0.408248
-0.816497
-0.224608
0.0512467
-0.0710805
0.486103
0.626223
-0.348155
-0.870388
-0.348155
-0.350272
0.0512467
-0.0427783
0.548977
0.612063
-0.801784
-0.534522
0.267261
-0.350272
0.0512467
-0.0710805
0.440115
0.782223
-0.408248
-0.408248
-0.816497
-0.224922
0.176597
-0.0710805
0.377399
0.844939
-0.408248
-0.408248
-0.816497
-0.224608
0.0512467
-0.0710805
0.377241
0.782223
-0.348155
-0.870388
-0.348155
-0.350272
0.0512467
-0.0427783
0
0.719349
-0.801784
-0.534522
0.267261
-0.0361115
0.0512467
-0.0427783
0.157184
0.719349
0.485071
-0.727607
0.485071
-0.350272
0.365407
-0.0427783
1.38778e-17
0.876533
-0.57735
0.57735
0.57735
-0.350272
0.0512467
-0.0427783
1
1.38778e-17
-0.801784
-0.534522
0.267261
-0.350272
0.176911
-0.0710805
0.98584
0.0628736
-0.816497
-0.408248
-0.408248
-0.350272
0.0512467
-0.0710805
0.98584
0
-0.408248
-0.408248
-0.816497
-0.350272
0.0512467
-0.0427783
0.548977
0.612063
-0.801784
-0.534522
0.267261
-0.224608
0.0512467
-0.0710805
0.486103
0.626223
-0.348155
-0.870388
-0.348155
-0.0361115
0.0512467
-0.0427783
0.391793
0.612063
0.485071
-0.727607
0.485071
-0.350272
0.365407
-0.0710805
0.98584
0.157184
-0.408248
0.408248
-0.816497
-0.350272
0.239743
-0.0710805
0.98584
0.0943104
-0.942875
0.235571
-0.235571
-0.350272
0.365407
-0.0427783
1
0.157184
-0.57735
0.57735
0.57735
-0.350272
0.365407
-0.0710805
0.502989
0.845096
-0.408248
0.408248
-0.816497
-0.224608
0.240057
-0.0710805
0.440115
0.78238
-0.578312
0.576868
-0.57687
-0.350272
0.239743
-0.0710805
0.502989
0.782223
-0.942875
0.235571
-0.235571
-0.350272
0.365407
-0.0427783
1.38778e-17
0.876533
-0.57735
0.57735
0.57735
-0.0361115
0.0512467
-0.0427783
0.157184
0.719349
0.485071
-0.727607
0.485071
-0.0361115
0.365407
-0.0427783
0.157184
0.876533
0.688247
0.688247
0.229416
-0.350272
0.365407
-0.0427783
1
0.157184
-0.57735
0.57735
0.57735
-0.350272
0.239743
-0.0710805
0.98584
0.0943104
-0.942875
0.235571
-0.235571
-0.350272
0.0512467
-0.0427783
1
1.38778e-17
-0.801784
-0.534522
0.267261
-0.350272
0.365407
-0.0427783
0.548977
0.612063
-0.57735
0.57735
0.57735
-0.224608
0.365407
-0.0710805
0.611851
0.626223
-0.235702
0.942809
-0.235702
-0.350272
0.365407
-0.0710805
0.548977
0.626223
-0.408248
0.408248
-0.816497
-0.0361115
0.0512467
-0.0710805
0.990123
0.157184
0.408248
-0.408248
-0.816497
-0.0361115
0.176911
-0.0710805
0.990123
0.220058
0.942809
-0.235702
-0.235702
-0.0361115
0.0512467
-0.0427783
0.975963
0.157184
0.485071
-0.727607
0.485071
-0.0361115
0.0512467
-0.0710805
0.314368
0.782223
0.408248
-0.408248
-0.816497
-0.161461
0.176911
-0.0710805
0.377084
0.845096
0.576868
-0.578312
-0.57687
-0.0361115
0.176911
-0.0710805
0.314368
0.845096
0.942809
-0.235702
-0.235702
-0.0361115
0.0512467
-0.0427783
0.391793
0.612063
0.485071
-0.727607
0.485071
-0.161776
0.0512467
-0.0710805
0.454667
0.626223
0.301305
-0.904671
-0.301306
-0.0361115
0.0512467
-0.0710805
0.391793
0.626223
0.408248
-0.408248
-0.816497
-0.0361115
0.0512467
-0.0427783
0.975963
0.157184
0.485071
-0.727607
0.485071
-0.0361115
0.176911
-0.0710805
0.990123
0.220058
0.942809
-0.235702
-0.235702
-0.0361115
0.365407
-0.0427783
0.975963
0.314368
0.688247
0.688247
0.229416
-0.0361115
0.365407
-0.0710805
0.706161
0.626223
0.57735
0.57735
-0.57735
-0.161776
0.365407
-0.0710805
0.643287
0.626223
0.408248
0.816497
-0.408248
-0.0361115
0.365407
-0.0427783
0.706161
0.612063
0.688247
0.688247
0.229416
-0.0361115
0.365407
-0.0710805
0.502989
0.845096
0.57735
0.57735
-0.57735
-0.0361115
0.239743
-0.0710805
0.502989
0.782223
0.816837
0.407907
-0.407908
-0.161776
0.365407
-0.0710805
0.565862
0.845096
0.408248
0.816497
-0.408248
-0.0361115
0.365407
-0.0427783
0.706161
0.612063
0.688247
0.688247
0.229416
-0.224608
0.365407
-0.0710805
0.611851
0.626223
-0.235702
0.942809
-0.235702
-0.350272
0.365407
-0.0427783
0.548977
0.612063
-0.57735
0.57735
0.57735
-0.0361115
0.365407
-0.0427783
0.975963
0.314368
0.688247
0.688247
0.229416
-0.0361115
0.239743
-0.0710805
0.990123
0.251494
0.816837
0.407907
-0.407908
-0.0361115
0.365407
-0.0710805
0.990123
0.314368
0.57735
0.57735
-0.57735
-0.350272
0.176911
-0.0710805
0.98584
0.0628736
-0.816497
-0.408248
-0.408248
-0.350272
0.0512467
-0.0427783
1
1.38778e-17
-0.801784
-0.534522
0.267261
-0.350272
0.239743
-0.0710805
0.98584
0.0943104
-0.942875
0.235571
-0.235571
-0.350272
0.176911
-0.0710805
0.440115
0.845096
-0.816497
-0.408248
-0.408248
-0.224922
0.176597
-0.0710805
0.377399
0.844939
-0.408248
-0.408248
-0.816497
-0.350272
0.0512467
-0.0710805
0.440115
0.782223
-0.408248
-0.408248
-0.816497
-0.350272
0.176911
-0.0710805
0.894467
0.612063
-0.816497
-0.408248
-0.408248
-0.224922
0.176911
-0.0908213
0.831751
0.62194
-0.348155
-0.348155
-0.870388
-0.224922
0.176911
-0.0710805
0.831751
0.612063
-0.57735
-0.57735
-0.57735
-0.350272
0.239743
-0.0710805
0.98584
0.0943104
-0.942875
0.235571
-0.235571
-0.350272
0.239743
-0.0908213
0.975963
0.0943104
-0.578312
0.576868
-0.57687
-0.350272
0.176911
-0.0710805
0.98584
0.0628736
-0.816497
-0.408248
-0.408248
-0.224608
0.0512467
-0.0710805
0.377241
0.782223
-0.348155
-0.870388
-0.348155
-0.224922
0.176597
-0.0710805
0.377399
0.844939
-0.408248
-0.408248
-0.816497
-0.224608
0.176597
-0.0710805
0.377241
0.844939
-0.57735
-0.57735
-0.57735
-0.224608
0.0512467
-0.0710805
0.486103
0.626223
-0.348155
-0.870388
-0.348155
-0.161776
0.0512467
-0.0908213
0.454667
0.6361
0.576868
-0.578312
-0.57687
-0.161776
0.0512467
-0.0710805
0.454667
0.626223
0.301305
-0.904671
-0.301306
-0.161776
0.0512467
-0.0710805
0.454667
0.626223
0.301305
-0.904671
-0.301306
-0.0361115
0.0512467
-0.0427783
0.391793
0.612063
0.485071
-0.727607
0.485071
-0.224608
0.0512467
-0.0710805
0.486103
0.626223
-0.348155
-0.870388
-0.348155
-0.161776
0.0512467
-0.0710805
0.377241
0.782223
0.301305
-0.904671
-0.301306
-0.161461
0.176911
-0.0710805
0.377084
0.845096
0.576868
-0.578312
-0.57687
-0.0361115
0.0512467
-0.0710805
0.314368
0.782223
0.408248
-0.408248
-0.816497
-0.161776
0.0512467
-0.0710805
0.314368
0.719349
0.301305
-0.904671
-0.301306
-0.161776
0.0512467
-0.0908213
0.324245
0.719349
0.576868
-0.578312
-0.57687
-0.161461
0.176911
-0.0710805
0.314368
0.782223
0.576868
-0.578312
-0.57687
-0.224608
0.365407
-0.0710805
0.611851
0.626223
-0.235702
0.942809
-0.235702
-0.0361115
0.365407
-0.0427783
0.706161
0.612063
0.688247
0.688247
0.229416
-0.161776
0.365407
-0.0710805
0.643287
0.626223
0.408248
0.816497
-0.408248
-0.224608
0.365407
-0.0710805
0.595493
0.844939
-0.235702
0.942809
-0.235702
-0.224608
0.365407
-0.0908213
0.585616
0.844939
-0.57735
0.57735
-0.57735
-0.224608
0.240057
-0.0710805
0.595493
0.782223
-0.578312
0.576868
-0.57687
-0.161776
0.365407
-0.0710805
0.565862
0.845096
0.408248
0.816497
-0.408248
-0.0361115
0.239743
-0.0710805
0.502989
0.782223
0.816837
0.407907
-0.407908
-0.161776
0.240057
-0.0710805
0.565862
0.78238
0.578312
0.576868
-0.57687
-0.161776
0.365407
-0.0710805
0.643287
0.626223
0.408248
0.816497
-0.408248
-0.224608
0.365407
-0.0908213
0.611851
0.6361
-0.57735
0.57735
-0.57735
-0.224608
0.365407
-0.0710805
0.611851
0.626223
-0.235702
0.942809
-0.235702
-0.0361115
0.176911
-0.0710805
0.990123
0.220058
0.942809
-0.235702
-0.235702
-0.0361115
0.176911
-0.0908213
1
0.220058
0.666667
-0.666667
-0.333333
-0.0361115
0.239743
-0.0710805
0.990123
0.251494
0.816837
0.407907
-0.407908
-0.0361115
0.239743
-0.0710805
0.990123
0.251494
0.816837
0.407907
-0.407908
-0.0361115
0.365407
-0.0427783
0.975963
0.314368
0.688247
0.688247
0.229416
-0.0361115
0.176911
-0.0710805
0.990123
0.220058
0.942809
-0.235702
-0.235702
-0.0361115
0.239743
-0.0710805
0.769035
0.612063
0.816837
0.407907
-0.407908
-0.161776
0.240057
-0.0908213
0.706161
0.62194
0.302196
0.301442
-0.904329
-0.161776
0.240057
-0.0710805
0.706161
0.612063
0.578312
0.576868
-0.57687
-0.224922
0.176597
-0.0710805
0.377399
0.844939
-0.408248
-0.408248
-0.816497
-0.350272
0.176911
-0.0710805
0.440115
0.845096
-0.816497
-0.408248
-0.408248
-0.224922
0.176911
-0.0710805
0.377399
0.845096
-0.57735
-0.57735
-0.57735
-0.224922
0.176597
-0.0710805
0.968255
0.596698
-0.408248
-0.408248
-0.816497
-0.224608
0.176597
-0.0908213
0.968098
0.606574
-0.348155
-0.348155
-0.870388
-0.224608
0.176597
-0.0710805
0.968098
0.596698
-0.57735
-0.57735
-0.57735
-0.224922
0.176911
-0.0710805
0.968098
0.596855
-0.57735
-0.57735
-0.57735
-0.224922
0.176911
-0.0908213
0.958221
0.596855
-0.348155
-0.348155
-0.870388
-0.224922
0.176597
-0.0710805
0.968098
0.596698
-0.408248
-0.408248
-0.816497
-0.224608
0.240057
-0.0710805
0.440115
0.78238
-0.578312
0.576868
-0.57687
-0.350272
0.365407
-0.0710805
0.502989
0.845096
-0.408248
0.408248
-0.816497
-0.224608
0.365407
-0.0710805
0.440115
0.845096
-0.235702
0.942809
-0.235702
-0.224608
0.240057
-0.0710805
0.958221
0.596698
-0.578312
0.576868
-0.57687
-0.350272
0.239743
-0.0908213
0.895347
0.606574
-0.578312
0.576868
-0.57687
-0.350272
0.239743
-0.0710805
0.895347
0.596698
-0.942875
0.235571
-0.235571
-0.161776
0.240057
-0.0710805
0.575739
0.782223
0.578312
0.576868
-0.57687
-0.161776
0.240057
-0.0908213
0.585616
0.782223
0.302196
0.301442
-0.904329
-0.161776
0.365407
-0.0710805
0.575739
0.844939
0.408248
0.816497
-0.408248
-0.161461
0.176911
-0.0710805
0.831751
0.612063
0.576868
-0.578312
-0.57687
-0.0361115
0.176911
-0.0908213
0.769035
0.62194
0.666667
-0.666667
-0.333333
-0.0361115
0.176911
-0.0710805
0.769035
0.612063
0.942809
-0.235702
-0.235702
-0.224608
0.176597
-0.0710805
0.575739
0.844939
-0.57735
-0.57735
-0.57735
-0.224608
0.176597
-0.0908213
0.565862
0.844939
-0.348155
-0.348155
-0.870388
-0.224608
0.0512467
-0.0710805
0.575739
0.782223
-0.348155
-0.870388
-0.348155
-0.161776
0.240057
-0.0908213
0.706161
0.62194
0.302196
0.301442
-0.904329
-0.0361115
0.239743
-0.0710805
0.769035
0.612063
0.816837
0.407907
-0.407908
-0.0361115
0.239743
-0.0908213
0.769035
0.62194
0.409098
0.408077
-0.816157
-0.161776
0.240057
-0.0908213
0.220058
0.813816
0.302196
0.301442
-0.904329
-0.224608
0.176597
-0.0908213
0.251494
0.782065
-0.348155
-0.348155
-0.870388
-0.224922
0.176911
-0.0908213
0.251652
0.782222
-0.348155
-0.348155
-0.870388
-0.0361115
0.239743
-0.0908213
1
0.251494
0.409098
0.408077
-0.816157
-0.0361115
0.239743
-0.0710805
0.990123
0.251494
0.816837
0.407907
-0.407908
-0.0361115
0.176911
-0.0908213
1
0.220058
0.666667
-0.666667
-0.333333
-0.0361115
0.239743
-0.0908213
0.157184
0.813659
0.409098
0.408077
-0.816157
-0.161461
0.176911
-0.0908213
0.2199
0.782222
0.235669
-0.236259
-0.942678
-0.161776
0.240057
-0.0908213
0.220058
0.813816
0.302196
0.301442
-0.904329
-0.0361115
0.176911
-0.0908213
0.769035
0.62194
0.666667
-0.666667
-0.333333
-0.161461
0.176911
-0.0710805
0.831751
0.612063
0.576868
-0.578312
-0.57687
-0.161461
0.176911
-0.0908213
0.831751
0.62194
0.235669
-0.236259
-0.942678
-0.0361115
0.176911
-0.0908213
0.157184
0.782222
0.666667
-0.666667
-0.333333
-0.161461
0.176911
-0.0908213
0.2199
0.782222
0.235669
-0.236259
-0.942678
-0.0361115
0.239743
-0.0908213
0.157184
0.813659
0.409098
0.408077
-0.816157
-0.161461
0.176911
-0.0908213
0.324245
0.782223
0.235669
-0.236259
-0.942678
-0.161461
0.176911
-0.0710805
0.314368
0.782223
0.576868
-0.578312
-0.57687
-0.161776
0.0512467
-0.0908213
0.324245
0.719349
0.576868
-0.578312
-0.57687
-0.161461
0.176911
-0.0908213
0.2199
0.782222
0.235669
-0.236259
-0.942678
-0.224608
0.176597
-0.0908213
0.251494
0.782065
-0.348155
-0.348155
-0.870388
-0.161776
0.240057
-0.0908213
0.220058
0.813816
0.302196
0.301442
-0.904329
-0.161776
0.0512467
-0.0908213
0.454667
0.6361
0.576868
-0.578312
-0.57687
-0.224608
0.0512467
-0.0710805
0.486103
0.626223
-0.348155
-0.870388
-0.348155
-0.224608
0.0512467
-0.0908213
0.486103
0.6361
-0.57735
-0.57735
-0.57735
-0.161776
0.0512467
-0.0908213
0.220058
0.719349
0.576868
-0.578312
-0.57687
-0.224608
0.176597
-0.0908213
0.251494
0.782065
-0.348155
-0.348155
-0.870388
-0.161461
0.176911
-0.0908213
0.2199
0.782222
0.235669
-0.236259
-0.942678
-0.224608
0.0512467
-0.0908213
0.565862
0.782223
-0.57735
-0.57735
-0.57735
-0.224608
0.0512467
-0.0710805
0.575739
0.782223
-0.348155
-0.870388
-0.348155
-0.224608
0.176597
-0.0908213
0.565862
0.844939
-0.348155
-0.348155
-0.870388
-0.224608
0.0512467
-0.0908213
0.251494
0.719349
-0.57735
-0.57735
-0.57735
-0.224608
0.176597
-0.0908213
0.251494
0.782065
-0.348155
-0.348155
-0.870388
-0.161776
0.0512467
-0.0908213
0.220058
0.719349
0.576868
-0.578312
-0.57687
-0.224608
0.176597
-0.0908213
0.968098
0.606574
-0.348155
-0.348155
-0.870388
-0.224922
0.176597
-0.0710805
0.968255
0.596698
-0.408248
-0.408248
-0.816497
-0.224922
0.176597
-0.0908213
0.968255
0.606574
-0.57735
-0.57735
-0.57735
-0.224922
0.176597
-0.0908213
0.958221
0.596698
-0.57735
-0.57735
-0.57735
-0.224922
0.176597
-0.0710805
0.968098
0.596698
-0.408248
-0.408248
-0.816497
-0.224922
0.176911
-0.0908213
0.958221
0.596855
-0.348155
-0.348155
-0.870388
-0.224922
0.176597
-0.0908213
0.251652
0.782065
-0.57735
-0.57735
-0.57735
-0.224922
0.176911
-0.0908213
0.251652
0.782222
-0.348155
-0.348155
-0.870388
-0.224608
0.176597
-0.0908213
0.251494
0.782065
-0.348155
-0.348155
-0.870388
-0.224922
0.176911
-0.0908213
0.831751
0.62194
-0.348155
-0.348155
-0.870388
-0.350272
0.176911
-0.0710805
0.894467
0.612063
-0.816497
-0.408248
-0.408248
-0.350272
0.176911
-0.0908213
0.894467
0.62194
-0.57735
-0.57735
-0.57735
-0.350272
0.176911
-0.0908213
0.975963
0.0628736
-0.57735
-0.57735
-0.57735
-0.350272
0.176911
-0.0710805
0.98584
0.0628736
-0.816497
-0.408248
-0.408248
-0.350272
0.239743
-0.0908213
0.975963
0.0943104
-0.578312
0.576868
-0.57687
-0.350272
0.176911
-0.0908213
0.314368
0.782222
-0.57735
-0.57735
-0.57735
-0.350272
0.239743
-0.0908213
0.314368
0.813659
-0.578312
0.576868
-0.57687
-0.224922
0.176911
-0.0908213
0.251652
0.782222
-0.348155
-0.348155
-0.870388
-0.350272
0.239743
-0.0908213
0.895347
0.606574
-0.578312
0.576868
-0.57687
-0.224608
0.240057
-0.0710805
0.958221
0.596698
-0.578312
0.576868
-0.57687
-0.224608
0.240057
-0.0908213
0.958221
0.606574
-0.302196
0.301442
-0.904329
-0.224608
0.240057
-0.0908213
0.585616
0.782223
-0.302196
0.301442
-0.904329
-0.224608
0.240057
-0.0710805
0.595493
0.782223
-0.578312
0.576868
-0.57687
-0.224608
0.365407
-0.0908213
0.585616
0.844939
-0.57735
0.57735
-0.57735
-0.224608
0.240057
-0.0908213
0.251494
0.813816
-0.302196
0.301442
-0.904329
-0.161776
0.240057
-0.0908213
0.220058
0.813816
0.302196
0.301442
-0.904329
-0.224922
0.176911
-0.0908213
0.251652
0.782222
-0.348155
-0.348155
-0.870388
-0.224608
0.240057
-0.0908213
0.251494
0.813816
-0.302196
0.301442
-0.904329
-0.224922
0.176911
-0.0908213
0.251652
0.782222
-0.348155
-0.348155
-0.870388
-0.350272
0.239743
-0.0908213
0.314368
0.813659
-0.578312
0.576868
-0.57687
-0.224608
0.365407
-0.0908213
0.611851
0.6361
-0.57735
0.57735
-0.57735
-0.161776
0.365407
-0.0710805
0.643287
0.626223
0.408248
0.816497
-0.408248
-0.161776
0.365407
-0.0908213
0.643287
0.6361
0.57735
0.57735
-0.57735
-0.224608
0.365407
-0.0908213
0.251494
0.876533
-0.57735
0.57735
-0.57735
-0.161776
0.240057
-0.0908213
0.220058
0.813816
0.302196
0.301442
-0.904329
-0.224608
0.240057
-0.0908213
0.251494
0.813816
-0.302196
0.301442
-0.904329
-0.161776
0.365407
-0.0908213
0.585616
0.844939
0.57735
0.57735
-0.57735
-0.161776
0.365407
-0.0710805
0.575739
0.844939
0.408248
0.816497
-0.408248
-0.161776
0.240057
-0.0908213
0.585616
0.782223
0.302196
0.301442
-0.904329
-0.161776
0.365407
-0.0908213
0.220058
0.876533
0.57735
0.57735
-0.57735
-0.161776
0.240057
-0.0908213
0.220058
0.813816
0.302196
0.301442
-0.904329
-0.224608
0.365407
-0.0908213
0.251494
0.876533
-0.57735
0.57735
-0.57735