2400
-0.33
0
-0.33
0.49094
0.490526
0
-1
0
-0.33
0
0.33
0.506318
0.00498176
-0.707107
0
0.707107
-0.33
0
-0.33
0.489767
0.489313
-0.707107
0
-0.707107
-0.33
0
-0.33
0.49094
0.490526
0
-1
0
0.33
0
-0.33
0.00757856
0.487112
0
-1
0
-0.33
0
0.33
0.503893
0.00732618
0
-1
0
-0.33
0
-0.33
0.49094
0.490526
0
-1
0
0.33
0
-0.33
0.00515338
0.489456
0.707107
0
-0.707107
0.33
0
-0.33
0.00757856
0.487112
0
-1
0
-0.33
0
0.33
0.503893
0.00732618
0
-1
0
-0.33
0
0.33
0.506318
0.00498176
-0.707107
0
0.707107
-0.33
0
-0.33
0.49094
0.490526
0
-1
0
-0.33
0
0.33
0.503893
0.00732618
0
-1
0
0.33
0
-0.33
0.00757856
0.487112
0
-1
0
0.33
0
0.33
0.0205315
0.00391245
0
-1
0
-0.33
0
0.33
0.503893
0.00732618
0
-1
0
0.33
0
0.33
0.0205315
0.00391245
0
-1
0
-0.33
0
0.33
0.506318
0.00498176
-0.707107
0
0.707107
-0.33
0
-0.33
0.489767
0.489313
-0.707107
0
-0.707107
0.33
0
-0.33
0.00515338
0.489456
0.707107
0
-0.707107
-0.33
0
-0.33
0.49094
0.490526
0
-1
0
-0.33
0
-0.33
0.489767
0.489313
-0.707107
0
-0.707107
0.33
0.0134933
-0.33
0
0.494438
0
1
0
0.33
0
-0.33
0.00515338
0.489456
0.707107
0
-0.707107
-0.33
0
0.33
0.506318
0.00498176
-0.707107
0
0.707107
0.33
0
0.33
0.0205315
0.00391245
0
-1
0
0.33
0
0.33
0.0217037
0.00512504
0.707107
0
0.707107
-0.33
0
0.33
0.506318
0.00498176
-0.707107
0
0.707107
-0.33
0.0134933
0.33
0.511471
0
0
1
0
-0.33
0
-0.33
0.489767
0.489313
-0.707107
0
-0.707107
0.33
0
-0.33
0.00757856
0.487112
0
-1
0
0.33
0
-0.33
0.00515338
0.489456
0.707107
0
-0.707107
0.33
0
0.33
0.0205315
0.00391245
0
-1
0
0.33
0
0.33
0.0205315
0.00391245
0
-1
0
0.33
0
-0.33
0.00515338
0.489456
0.707107
0
-0.707107
0.33
0
0.33
0.0217037
0.00512504
0.707107
0
0.707107
0.33
0
-0.33
0.00515338
0.489456
0.707107
0
-0.707107
0.33
0.0134933
-0.33
0
0.494438
0
1
0
0.33
0
0.33
0.0217037
0.00512504
0.707107
0
0.707107
0.33
0
0.33
0.0217037
0.00512504
0.707107
0
0.707107
-0.33
0.0134933
0.33
0.511471
0
0
1
0
-0.33
0
0.33
0.506318
0.00498176
-0.707107
0
0.707107
-0.33
0.0134933
-0.33
0.494722
0.494438
0
1
0
-0.33
0
-0.33
0.489767
0.489313
-0.707107
0
-0.707107
-0.33
0.0134933
0.33
0.511471
0
0
1
0
-0.33
0.0134933
-0.33
0.494722
0.494438
0
1
0
0.33
0.0134933
-0.33
0
0.494438
0
1
0
-0.33
0
-0.33
0.489767
0.489313
-0.707107
0
-0.707107
-0.33
0.0134933
-0.33
0.000787421
1
0
1
0
0.0364216
0.0134933
-0.229957
0.281337
0.92322
0
1
0
0.33
0.0134933
-0.33
0.50635
1
0
1
0
-0.33
0.0134933
0.33
0.511471
0
0
1
0
0.33
0
0.33
0.0217037
0.00512504
0.707107
0
0.707107
0.33
0.0134933
0.33
0.0167493
0
0
1
0
-0.33
0.0134933
0.33
0
0.494438
0
1
0
-0.229957
0.0134933
-0.0364216
0.0772179
0.775101
0
1
0
-0.33
0.0134933
-0.33
0.000787421
1
0
1
0
0.33
0.0134933
0.33
0.0167493
0
0
1
0
0.33
0
0.33
0.0217037
0.00512504
0.707107
0
0.707107
0.33
0.0134933
-0.33
0
0.494438
0
1
0
0.33
0.0134933
0.33
0.505562
0.494438
0
1
0
0.0364216
0.0134933
0.229957
0.280783
0.571219
0
1
0
-0.33
0.0134933
0.33
0
0.494438
0
1
0
0.33
0.0134933
-0.33
0.50635
1
0
1
0
0.229957
0.0134933
-0.0364216
0.429219
0.775107
0
1
0
0.33
0.0134933
0.33
0.505562
0.494438
0
1
0
-0.164631
0.0134933
-0.164631
0.12738
0.87321
0
1
2e-09
-0.33
0.0134933
-0.33
0.000787421
1
0
1
0
-0.207447
0.0134933
-0.1057
0.0945393
0.828124
0
1
0
-0.164631
0.0134933
-0.164631
0.12738
0.87321
0
1
2e-09
-0.1057
0.049251
-0.207447
0.183856
0.883679
0
1
0
-0.1057
0.0134933
-0.207447
0.172518
0.905981
0
1
0
-0.164631
0.0134933
0.164631
0.12699
0.621231
0
1
0
-0.33
0.0134933
0.33
0
0.494438
0
1
0
-0.1057
0.0134933
0.207447
0.172027
0.588457
0
1
0
-0.164631
0.0134933
0.164631
0.12699
0.621231
0
1
0
-0.164631
0.049251
0.164631
0.144717
0.63893
0
1
0
-0.207447
0.0134933
0.1057
0.094287
0.666318
0
1
0
0.164631
0.0134933
0.164631
0.37897
0.621228
0
1
0
0.33
0.0134933
0.33
0.505562
0.494438
0
1
0
0.207447
0.0134933
0.1057
0.411811
0.666315
0
1
0
0.164631
0.0134933
0.164631
0.37897
0.621228
0
1
0
0.1057
0.049251
0.207447
0.322493
0.610759
0
1
0
0.1057
0.0134933
0.207447
0.333832
0.588458
0
1
0
0.164631
0.0134933
-0.164631
0.37936
0.873208
0
1
0
0.33
0.0134933
-0.33
0.50635
1
0
1
0
0.1057
0.0134933
-0.207447
0.334323
0.905981
0
1
0
0.164631
0.0134933
-0.164631
0.37936
0.873208
0
1
0
0.164631
0.049251
-0.164631
0.361633
0.855508
0
1
0
0.207447
0.0134933
-0.1057
0.412063
0.82812
0
1
0
-0.207447
0.0134933
0.1057
0.094287
0.666318
0
1
0
-0.33
0.0134933
0.33
0
0.494438
0
1
0
-0.164631
0.0134933
0.164631
0.12699
0.621231
0
1
0
-0.207447
0.0134933
0.1057
0.094287
0.666318
0
1
0
-0.229957
0.049251
0.0364216
0.101874
0.72326
0
1
0
-0.229957
0.0134933
0.0364216
0.0771305
0.719332
0
1
0
-0.229957
0.0134933
0.0364216
0.0771305
0.719332
0
1
0
-0.33
0.0134933
0.33
0
0.494438
0
1
0
-0.207447
0.0134933
0.1057
0.094287
0.666318
0
1
0
-0.229957
0.0134933
0.0364216
0.0771305
0.719332
0
1
0
-0.229957
0.049251
0.0364216
0.101874
0.72326
0
1
0
-0.229957
0.0134933
-0.0364216
0.0772179
0.775101
0
1
0
-0.229957
0.0134933
-0.0364216
0.0772179
0.775101
0
1
0
-0.33
0.0134933
0.33
0
0.494438
0
1
0
-0.229957
0.0134933
0.0364216
0.0771305
0.719332
0
1
0
-0.229957
0.0134933
-0.0364216
0.0772179
0.775101
0
1
0
-0.207447
0.049251
-0.1057
0.116823
0.81675
0
1
0
-0.207447
0.0134933
-0.1057
0.0945393
0.828124
0
1
0
-0.207447
0.0134933
-0.1057
0.0945393
0.828124
0
1
0
-0.33
0.0134933
-0.33
0.000787421
1
0
1
0
-0.229957
0.0134933
-0.0364216
0.0772179
0.775101
0
1
0
-0.207447
0.0134933
-0.1057
0.0945393
0.828124
0
1
0
-0.207447
0.049251
-0.1057
0.116823
0.81675
0
1
0
-0.164631
0.0134933
-0.164631
0.12738
0.87321
0
1
2e-09
0.1057
0.0134933
0.207447
0.333832
0.588458
0
1
0
0.33
0.0134933
0.33
0.505562
0.494438
0
1
0
0.164631
0.0134933
0.164631
0.37897
0.621228
0
1
0
0.1057
0.0134933
0.207447
0.333832
0.588458
0
1
0
0.1057
0.049251
0.207447
0.322493
0.610759
0
1
0
0.0364216
0.0134933
0.229957
0.280783
0.571219
0
1
0
0.0364216
0.0134933
0.229957
0.280783
0.571219
0
1
0
0.33
0.0134933
0.33
0.505562
0.494438
0
1
0
0.1057
0.0134933
0.207447
0.333832
0.588458
0
1
0
0.0364216
0.0134933
0.229957
0.280783
0.571219
0
1
0
-0.0364216
0.049251
0.229957
0.22898
0.595956
0
1
0
-0.0364216
0.0134933
0.229957
0.225013
0.571218
0
1
0
-0.0364216
0.0134933
0.229957
0.225013
0.571218
0
1
0
-0.33
0.0134933
0.33
0
0.494438
0
1
0
0.0364216
0.0134933
0.229957
0.280783
0.571219
0
1
0
-0.0364216
0.0134933
0.229957
0.225013
0.571218
0
1
0
-0.0364216
0.049251
0.229957
0.22898
0.595956
0
1
0
-0.1057
0.0134933
0.207447
0.172027
0.588457
0
1
0
-0.1057
0.0134933
0.207447
0.172027
0.588457
0
1
0
-0.33
0.0134933
0.33
0
0.494438
0
1
0
-0.0364216
0.0134933
0.229957
0.225013
0.571218
0
1
0
-0.1057
0.0134933
0.207447
0.172027
0.588457
0
1
0
-0.164631
0.049251
0.164631
0.144717
0.63893
0
1
0
-0.164631
0.0134933
0.164631
0.12699
0.621231
0
1
0
0.207447
0.0134933
-0.1057
0.412063
0.82812
0
1
0
0.33
0.0134933
-0.33
0.50635
1
0
1
0
0.164631
0.0134933
-0.164631
0.37936
0.873208
0
1
0
0.207447
0.0134933
-0.1057
0.412063
0.82812
0
1
0
0.229957
0.049251
-0.0364216
0.404476
0.771178
0
1
0
0.229957
0.0134933
-0.0364216
0.429219
0.775107
0
1
0
0.229957
0.0134933
-0.0364216
0.429219
0.775107
0
1
0
0.33
0.0134933
-0.33
0.50635
1
0
1
0
0.207447
0.0134933
-0.1057
0.412063
0.82812
0
1
0
0.229957
0.0134933
-0.0364216
0.429219
0.775107
0
1
0
0.229957
0.049251
-0.0364216
0.404476
0.771178
0
1
0
0.229957
0.0134933
0.0364216
0.429132
0.719337
0
1
0
0.229957
0.0134933
0.0364216
0.429132
0.719337
0
1
0
0.33
0.0134933
0.33
0.505562
0.494438
0
1
0
0.229957
0.0134933
-0.0364216
0.429219
0.775107
0
1
0
0.229957
0.0134933
0.0364216
0.429132
0.719337
0
1
0
0.207447
0.049251
0.1057
0.389527
0.677688
0
1
0
0.207447
0.0134933
0.1057
0.411811
0.666315
0
1
0
0.207447
0.0134933
0.1057
0.411811
0.666315
0
1
0
0.33
0.0134933
0.33
0.505562
0.494438
0
1
0
0.229957
0.0134933
0.0364216
0.429132
0.719337
0
1
0
0.207447
0.0134933
0.1057
0.411811
0.666315
0
1
0
0.207447
0.049251
0.1057
0.389527
0.677688
0
1
0
0.164631
0.0134933
0.164631
0.37897
0.621228
0
1
0
-0.1057
0.0134933
-0.207447
0.172518
0.905981
0
1
0
-0.33
0.0134933
-0.33
0.000787421
1
0
1
0
-0.164631
0.0134933
-0.164631
0.12738
0.87321
0
1
2e-09
-0.1057
0.0134933
-0.207447
0.172518
0.905981
0
1
0
-0.1057
0.049251
-0.207447
0.183856
0.883679
0
1
0
-0.0364216
0.0134933
-0.229957
0.225567
0.923219
0
1
1e-09
-0.0364216
0.0134933
-0.229957
0.225567
0.923219
0
1
1e-09
-0.33
0.0134933
-0.33
0.000787421
1
0
1
0
-0.1057
0.0134933
-0.207447
0.172518
0.905981
0
1
0
-0.0364216
0.0134933
-0.229957
0.225567
0.923219
0
1
1e-09
0.0364216
0.049251
-0.229957
0.277369
0.898482
0
1
0
0.0364216
0.0134933
-0.229957
0.281337
0.92322
0
1
0
0.0364216
0.0134933
-0.229957
0.281337
0.92322
0
1
0
-0.33
0.0134933
-0.33
0.000787421
1
0
1
0
-0.0364216
0.0134933
-0.229957
0.225567
0.923219
0
1
1e-09
0.0364216
0.0134933
-0.229957
0.281337
0.92322
0
1
0
0.0364216
0.049251
-0.229957
0.277369
0.898482
0
1
0
0.1057
0.0134933
-0.207447
0.334323
0.905981
0
1
0
0.1057
0.0134933
-0.207447
0.334323
0.905981
0
1
0
0.33
0.0134933
-0.33
0.50635
1
0
1
0
0.0364216
0.0134933
-0.229957
0.281337
0.92322
0
1
0
0.1057
0.0134933
-0.207447
0.334323
0.905981
0
1
0
0.164631
0.049251
-0.164631
0.361633
0.855508
0
1
0
0.164631
0.0134933
-0.164631
0.37936
0.873208
0
1
0
-0.207447
0.049251
0.1057
0.116613
0.67769
0
1
0
-0.207447
0.0134933
0.1057
0.094287
0.666318
0
1
0
-0.164631
0.049251
0.164631
0.144717
0.63893
0
1
0
-0.207447
0.049251
0.1057
0.116613
0.67769
0
1
0
-0.229957
0.049251
0.0364216
0.101874
0.72326
0
1
0
-0.207447
0.0134933
0.1057
0.094287
0.666318
0
1
0
-0.164631
0.049251
0.164631
0.144717
0.63893
0
1
0
-0.1057
0.0134933
0.207447
0.172027
0.588457
0
1
0
-0.1057
0.049251
0.207447
0.183433
0.610766
0
1
0
-0.164631
0.049251
0.164631
0.144717
0.63893
0
1
0
-0.207447
0.049251
-0.1057
0.116823
0.81675
0
1
0
-0.207447
0.049251
0.1057
0.116613
0.67769
0
1
0
-0.1057
0.049251
0.207447
0.183433
0.610766
0
1
0
-0.1057
0.0134933
0.207447
0.172027
0.588457
0
1
0
-0.0364216
0.049251
0.229957
0.22898
0.595956
0
1
0
-0.1057
0.049251
0.207447
0.183433
0.610766
0
1
0
-0.164631
0.049251
-0.164631
0.145051
0.855512
0
1
0
-0.164631
0.049251
0.164631
0.144717
0.63893
0
1
0
-0.0364216
0.049251
0.229957
0.22898
0.595956
0
1
0
0.0364216
0.0134933
0.229957
0.280783
0.571219
0
1
0
0.0364216
0.049251
0.229957
0.276895
0.595953
0
1
0
-0.0364216
0.049251
0.229957
0.22898
0.595956
0
1
0
-0.1057
0.049251
-0.207447
0.183856
0.883679
0
1
0
-0.1057
0.049251
0.207447
0.183433
0.610766
0
1
0
0.0364216
0.049251
0.229957
0.276895
0.595953
0
1
0
0.0364216
0.0134933
0.229957
0.280783
0.571219
0
1
0
0.1057
0.049251
0.207447
0.322493
0.610759
0
1
0
0.0364216
0.049251
0.229957
0.276895
0.595953
0
1
0
-0.0364216
0.049251
-0.229957
0.229455
0.898485
0
1
0
-0.0364216
0.049251
0.229957
0.22898
0.595956
0
1
0
0.1057
0.049251
0.207447
0.322493
0.610759
0
1
0
0.164631
0.0134933
0.164631
0.37897
0.621228
0
1
0
0.164631
0.049251
0.164631
0.361299
0.638926
0
1
0
0.1057
0.049251
0.207447
0.322493
0.610759
0
1
0
0.0364216
0.049251
-0.229957
0.277369
0.898482
0
1
0
0.0364216
0.049251
0.229957
0.276895
0.595953
0
1
0
0.164631
0.049251
0.164631
0.361299
0.638926
0
1
0
0.164631
0.0134933
0.164631
0.37897
0.621228
0
1
0
0.207447
0.049251
0.1057
0.389527
0.677688
0
1
0
0.164631
0.049251
0.164631
0.361299
0.638926
0
1
0
0.1057
0.049251
-0.207447
0.322917
0.883673
0
1
0
0.1057
0.049251
0.207447
0.322493
0.610759
0
1
0
0.207447
0.049251
0.1057
0.389527
0.677688
0
1
0
0.229957
0.0134933
0.0364216
0.429132
0.719337
0
1
0
0.229957
0.049251
0.0364216
0.404404
0.723264
0
1
0
0.207447
0.049251
0.1057
0.389527
0.677688
0
1
0
0.164631
0.049251
-0.164631
0.361633
0.855508
0
1
0
0.164631
0.049251
0.164631
0.361299
0.638926
0
1
0
0.229957
0.049251
0.0364216
0.404404
0.723264
0
1
0
0.229957
0.0134933
0.0364216
0.429132
0.719337
0
1
0
0.229957
0.049251
-0.0364216
0.404476
0.771178
0
1
0
0.229957
0.049251
0.0364216
0.404404
0.723264
0
1
0
0.207447
0.049251
-0.1057
0.389737
0.816748
0
1
0
0.207447
0.049251
0.1057
0.389527
0.677688
0
1
0
0.229957
0.049251
-0.0364216
0.404476
0.771178
0
1
0
0.207447
0.0134933
-0.1057
0.412063
0.82812
0
1
0
0.207447
0.049251
-0.1057
0.389737
0.816748
0
1
0
0.229957
0.049251
-0.0364216
0.404476
0.771178
0
1
0
0.207447
0.049251
-0.1057
0.389737
0.816748
0
1
0
0.229957
0.049251
0.0364216
0.404404
0.723264
0
1
0
0.207447
0.049251
-0.1057
0.389737
0.816748
0
1
0
0.207447
0.0134933
-0.1057
0.412063
0.82812
0
1
0
0.164631
0.049251
-0.164631
0.361633
0.855508
0
1
0
0.164631
0.049251
-0.164631
0.361633
0.855508
0
1
0
0.1057
0.0134933
-0.207447
0.334323
0.905981
0
1
0
0.1057
0.049251
-0.207447
0.322917
0.883673
0
1
0
0.164631
0.049251
-0.164631
0.361633
0.855508
0
1
0
0.207447
0.049251
0.1057
0.389527
0.677688
0
1
0
0.207447
0.049251
-0.1057
0.389737
0.816748
0
1
0
0.1057
0.049251
-0.207447
0.322917
0.883673
0
1
0
0.1057
0.0134933
-0.207447
0.334323
0.905981
0
1
0
0.0364216
0.049251
-0.229957
0.277369
0.898482
0
1
0
0.1057
0.049251
-0.207447
0.322917
0.883673
0
1
0
0.164631
0.049251
0.164631
0.361299
0.638926
0
1
0
0.164631
0.049251
-0.164631
0.361633
0.855508
0
1
0
0.0364216
0.049251
-0.229957
0.277369
0.898482
0
1
0
-0.0364216
0.0134933
-0.229957
0.225567
0.923219
0
1
1e-09
-0.0364216
0.049251
-0.229957
0.229455
0.898485
0
1
0
0.0364216
0.049251
-0.229957
0.277369
0.898482
0
1
0
0.1057
0.049251
0.207447
0.322493
0.610759
0
1
0
0.1057
0.049251
-0.207447
0.322917
0.883673
0
1
0
-0.0364216
0.049251
-0.229957
0.229455
0.898485
0
1
0
-0.0364216
0.0134933
-0.229957
0.225567
0.923219
0
1
1e-09
-0.1057
0.049251
-0.207447
0.183856
0.883679
0
1
0
-0.0364216
0.049251
-0.229957
0.229455
0.898485
0
1
0
0.0364216
0.049251
0.229957
0.276895
0.595953
0
1
0
0.0364216
0.049251
-0.229957
0.277369
0.898482
0
1
0
-0.1057
0.049251
-0.207447
0.183856
0.883679
0
1
0
-0.164631
0.0134933
-0.164631
0.12738
0.87321
0
1
2e-09
-0.164631
0.049251
-0.164631
0.145051
0.855512
0
1
0
-0.1057
0.049251
-0.207447
0.183856
0.883679
0
1
0
-0.0364216
0.049251
0.229957
0.22898
0.595956
0
1
0
-0.0364216
0.049251
-0.229957
0.229455
0.898485
0
1
0
-0.164631
0.049251
-0.164631
0.145051
0.855512
0
1
0
-0.164631
0.0134933
-0.164631
0.12738
0.87321
0
1
2e-09
-0.207447
0.049251
-0.1057
0.116823
0.81675
0
1
0
-0.164631
0.049251
-0.164631
0.145051
0.855512
0
1
0
-0.1057
0.049251
0.207447
0.183433
0.610766
0
1
0
-0.1057
0.049251
-0.207447
0.183856
0.883679
0
1
0
-0.207447
0.049251
-0.1057
0.116823
0.81675
0
1
0
-0.229957
0.0134933
-0.0364216
0.0772179
0.775101
0
1
0
-0.229957
0.049251
-0.0364216
0.101946
0.771174
0
1
0
-0.207447
0.049251
-0.1057
0.116823
0.81675
0
1
0
-0.164631
0.049251
0.164631
0.144717
0.63893
0
1
0
-0.164631
0.049251
-0.164631
0.145051
0.855512
0
1
0
-0.229957
0.049251
-0.0364216
0.101946
0.771174
0
1
0
-0.229957
0.0134933
-0.0364216
0.0772179
0.775101
0
1
0
-0.229957
0.049251
0.0364216
0.101874
0.72326
0
1
0
-0.229957
0.049251
-0.0364216
0.101946
0.771174
0
1
0
-0.207447
0.049251
0.1057
0.116613
0.67769
0
1
0
-0.207447
0.049251
-0.1057
0.116823
0.81675
0
1
0
-0.229957
0.049251
0.0364216
0.101874
0.72326
0
1
0
-0.207447
0.049251
0.1057
0.116613
0.67769
0
1
0
-0.229957
0.049251
-0.0364216
0.101946
0.771174
0
1
0
