Starting board after first move: 
[ ][ ][1][0][0][0][0][1][ ][ ][ ][ ]
[ ][ ][1][1][1][1][0][1][ ][ ][ ][ ]
[ ][ ][ ][ ][ ][1][0][2][ ][ ][ ][ ]
[ ][ ][ ][2][1][1][0][1][ ][ ][ ][ ]
[ ][ ][ ][1][0][0][0][1][ ][ ][ ][ ]
[ ][ ][2][1][0][0][1][1][ ][ ][ ][ ]
[ ][ ][1][0][0][0][1][ ][ ][ ][ ][ ]
[ ][ ][2][1][1][1][2][ ][ ][ ][ ][ ]
[ ][ ][ ][ ][ ][ ][ ][ ][ ][ ][ ][ ]
[ ][ ][ ][ ][ ][ ][ ][ ][ ][ ][ ][ ]
[ ][ ][ ][ ][ ][ ][ ][ ][ ][ ][ ][ ]
[ ][ ][ ][ ][ ][ ][ ][ ][ ][ ][ ][ ]
Round: 0
Mines flagged from a single number, and remaining safe moves or flags:
h7f
e3f
c5f
board after flagging mines:
[ ][ ][1][0][0][0][0][1][ ][ ][ ][ ]
[ ][ ][1][1][1][1][0][1][ ][ ][ ][ ]
[ ][ ][ ][ ][F][1][0][2][ ][ ][ ][ ]
[ ][ ][ ][2][1][1][0][1][ ][ ][ ][ ]
[ ][ ][F][1][0][0][0][1][ ][ ][ ][ ]
[ ][ ][2][1][0][0][1][1][ ][ ][ ][ ]
[ ][ ][1][0][0][0][1][F][ ][ ][ ][ ]
[ ][ ][2][1][1][1][2][ ][ ][ ][ ][ ]
[ ][ ][ ][ ][ ][ ][ ][ ][ ][ ][ ][ ]
[ ][ ][ ][ ][ ][ ][ ][ ][ ][ ][ ][ ]
[ ][ ][ ][ ][ ][ ][ ][ ][ ][ ][ ][ ]
[ ][ ][ ][ ][ ][ ][ ][ ][ ][ ][ ][ ]
Moves that can be taken after flagging mines:
d3
h8
c4
c3
i6
i5
i7
board after making safe moves:
[ ][ ][1][0][0][0][0][1][ ][ ][ ][ ]
[ ][ ][1][1][1][1][0][1][ ][ ][ ][ ]
[ ][ ][2][1][F][1][0][2][ ][ ][ ][ ]
[ ][ ][2][2][1][1][0][1][ ][ ][ ][ ]
[ ][ ][F][1][0][0][0][1][1][ ][ ][ ]
[ ][ ][2][1][0][0][1][1][1][ ][ ][ ]
[ ][ ][1][0][0][0][1][F][1][ ][ ][ ]
[ ][ ][2][1][1][1][2][2][ ][ ][ ][ ]
[ ][ ][ ][ ][ ][ ][ ][ ][ ][ ][ ][ ]
[ ][ ][ ][ ][ ][ ][ ][ ][ ][ ][ ][ ]
[ ][ ][ ][ ][ ][ ][ ][ ][ ][ ][ ][ ]
[ ][ ][ ][ ][ ][ ][ ][ ][ ][ ][ ][ ]
Round: 1
Mines flagged from a single number, and remaining safe moves or flags:
i4f
board after flagging mines:
[ ][ ][1][0][0][0][0][1][ ][ ][ ][ ]
[ ][ ][1][1][1][1][0][1][ ][ ][ ][ ]
[ ][ ][2][1][F][1][0][2][ ][ ][ ][ ]
[ ][ ][2][2][1][1][0][1][F][ ][ ][ ]
[ ][ ][F][1][0][0][0][1][1][ ][ ][ ]
[ ][ ][2][1][0][0][1][1][1][ ][ ][ ]
[ ][ ][1][0][0][0][1][F][1][ ][ ][ ]
[ ][ ][2][1][1][1][2][2][ ][ ][ ][ ]
[ ][ ][ ][ ][ ][ ][ ][ ][ ][ ][ ][ ]
[ ][ ][ ][ ][ ][ ][ ][ ][ ][ ][ ][ ]
[ ][ ][ ][ ][ ][ ][ ][ ][ ][ ][ ][ ]
[ ][ ][ ][ ][ ][ ][ ][ ][ ][ ][ ][ ]
Moves that can be taken after flagging mines:
j5
j7
i8
j6
j4
i3
j8
board after making safe moves:
[ ][ ][1][0][0][0][0][1][ ][1][0][0]
[ ][ ][1][1][1][1][0][1][ ][1][0][0]
[ ][ ][2][1][F][1][0][2][2][2][0][0]
[ ][ ][2][2][1][1][0][1][F][1][0][0]
[ ][ ][F][1][0][0][0][1][1][1][0][0]
[ ][ ][2][1][0][0][1][1][1][0][0][0]
[ ][ ][1][0][0][0][1][F][1][0][0][0]
[ ][ ][2][1][1][1][2][2][1][0][1][1]
[ ][ ][ ][ ][ ][ ][ ][ ][1][1][2][ ]
[ ][ ][ ][ ][ ][ ][ ][ ][ ][ ][ ][ ]
[ ][ ][ ][ ][ ][ ][ ][ ][ ][ ][ ][ ]
[ ][ ][ ][ ][ ][ ][ ][ ][ ][ ][ ][ ]
Round: 2
Mines flagged from a single number, and remaining safe moves or flags:
l9f
i2f
board after flagging mines:
[ ][ ][1][0][0][0][0][1][ ][1][0][0]
[ ][ ][1][1][1][1][0][1][F][1][0][0]
[ ][ ][2][1][F][1][0][2][2][2][0][0]
[ ][ ][2][2][1][1][0][1][F][1][0][0]
[ ][ ][F][1][0][0][0][1][1][1][0][0]
[ ][ ][2][1][0][0][1][1][1][0][0][0]
[ ][ ][1][0][0][0][1][F][1][0][0][0]
[ ][ ][2][1][1][1][2][2][1][0][1][1]
[ ][ ][ ][ ][ ][ ][ ][ ][1][1][2][F]
[ ][ ][ ][ ][ ][ ][ ][ ][ ][ ][ ][ ]
[ ][ ][ ][ ][ ][ ][ ][ ][ ][ ][ ][ ]
[ ][ ][ ][ ][ ][ ][ ][ ][ ][ ][ ][ ]
Moves that can be taken after flagging mines:
i1
h9
board after making safe moves:
[ ][ ][1][0][0][0][0][1][1][1][0][0]
[ ][ ][1][1][1][1][0][1][F][1][0][0]
[ ][ ][2][1][F][1][0][2][2][2][0][0]
[ ][ ][2][2][1][1][0][1][F][1][0][0]
[ ][ ][F][1][0][0][0][1][1][1][0][0]
[ ][ ][2][1][0][0][1][1][1][0][0][0]
[ ][ ][1][0][0][0][1][F][1][0][0][0]
[ ][ ][2][1][1][1][2][2][1][0][1][1]
[ ][ ][ ][ ][ ][ ][ ][3][1][1][2][F]
[ ][ ][ ][ ][ ][ ][ ][ ][ ][ ][ ][ ]
[ ][ ][ ][ ][ ][ ][ ][ ][ ][ ][ ][ ]
[ ][ ][ ][ ][ ][ ][ ][ ][ ][ ][ ][ ]
Round: 3
Mines flagged from a single number, and remaining safe moves or flags:
g9f
board after flagging mines:
[ ][ ][1][0][0][0][0][1][1][1][0][0]
[ ][ ][1][1][1][1][0][1][F][1][0][0]
[ ][ ][2][1][F][1][0][2][2][2][0][0]
[ ][ ][2][2][1][1][0][1][F][1][0][0]
[ ][ ][F][1][0][0][0][1][1][1][0][0]
[ ][ ][2][1][0][0][1][1][1][0][0][0]
[ ][ ][1][0][0][0][1][F][1][0][0][0]
[ ][ ][2][1][1][1][2][2][1][0][1][1]
[ ][ ][ ][ ][ ][ ][F][3][1][1][2][F]
[ ][ ][ ][ ][ ][ ][ ][ ][ ][ ][ ][ ]
[ ][ ][ ][ ][ ][ ][ ][ ][ ][ ][ ][ ]
[ ][ ][ ][ ][ ][ ][ ][ ][ ][ ][ ][ ]
Moves that can be taken after flagging mines:
e9
f9
board after making safe moves:
[ ][ ][1][0][0][0][0][1][1][1][0][0]
[ ][ ][1][1][1][1][0][1][F][1][0][0]
[ ][ ][2][1][F][1][0][2][2][2][0][0]
[ ][ ][2][2][1][1][0][1][F][1][0][0]
[ ][ ][F][1][0][0][0][1][1][1][0][0]
[ ][ ][2][1][0][0][1][1][1][0][0][0]
[ ][ ][1][0][0][0][1][F][1][0][0][0]
[ ][ ][2][1][1][1][2][2][1][0][1][1]
[ ][ ][ ][ ][1][2][F][3][1][1][2][F]
[ ][ ][ ][ ][ ][ ][ ][ ][ ][ ][ ][ ]
[ ][ ][ ][ ][ ][ ][ ][ ][ ][ ][ ][ ]
[ ][ ][ ][ ][ ][ ][ ][ ][ ][ ][ ][ ]
Round: 4
Mines flagged from a single number, and remaining safe moves or flags:
d9f
board after flagging mines:
[ ][ ][1][0][0][0][0][1][1][1][0][0]
[ ][ ][1][1][1][1][0][1][F][1][0][0]
[ ][ ][2][1][F][1][0][2][2][2][0][0]
[ ][ ][2][2][1][1][0][1][F][1][0][0]
[ ][ ][F][1][0][0][0][1][1][1][0][0]
[ ][ ][2][1][0][0][1][1][1][0][0][0]
[ ][ ][1][0][0][0][1][F][1][0][0][0]
[ ][ ][2][1][1][1][2][2][1][0][1][1]
[ ][ ][ ][F][1][2][F][3][1][1][2][F]
[ ][ ][ ][ ][ ][ ][ ][ ][ ][ ][ ][ ]
[ ][ ][ ][ ][ ][ ][ ][ ][ ][ ][ ][ ]
[ ][ ][ ][ ][ ][ ][ ][ ][ ][ ][ ][ ]
Moves that can be taken after flagging mines:
f10
e10
d10
c9
board after making safe moves:
[ ][ ][1][0][0][0][0][1][1][1][0][0]
[ ][ ][1][1][1][1][0][1][F][1][0][0]
[ ][ ][2][1][F][1][0][2][2][2][0][0]
[ ][ ][2][2][1][1][0][1][F][1][0][0]
[ ][ ][F][1][0][0][0][1][1][1][0][0]
[ ][ ][2][1][0][0][1][1][1][0][0][0]
[ ][ ][1][0][0][0][1][F][1][0][0][0]
[ ][ ][2][1][1][1][2][2][1][0][1][1]
[ ][ ][2][F][1][2][F][3][1][1][2][F]
[ ][ ][ ][2][1][2][ ][ ][ ][ ][ ][ ]
[ ][ ][ ][ ][ ][ ][ ][ ][ ][ ][ ][ ]
[ ][ ][ ][ ][ ][ ][ ][ ][ ][ ][ ][ ]
Round: 5
Mines flagged from a single number, and remaining safe moves or flags:
g10f
board after flagging mines:
[ ][ ][1][0][0][0][0][1][1][1][0][0]
[ ][ ][1][1][1][1][0][1][F][1][0][0]
[ ][ ][2][1][F][1][0][2][2][2][0][0]
[ ][ ][2][2][1][1][0][1][F][1][0][0]
[ ][ ][F][1][0][0][0][1][1][1][0][0]
[ ][ ][2][1][0][0][1][1][1][0][0][0]
[ ][ ][1][0][0][0][1][F][1][0][0][0]
[ ][ ][2][1][1][1][2][2][1][0][1][1]
[ ][ ][2][F][1][2][F][3][1][1][2][F]
[ ][ ][ ][2][1][2][F][ ][ ][ ][ ][ ]
[ ][ ][ ][ ][ ][ ][ ][ ][ ][ ][ ][ ]
[ ][ ][ ][ ][ ][ ][ ][ ][ ][ ][ ][ ]
Moves that can be taken after flagging mines:
e11
f11
d11
g11
board after making safe moves:
[ ][ ][1][0][0][0][0][1][1][1][0][0]
[ ][ ][1][1][1][1][0][1][F][1][0][0]
[ ][ ][2][1][F][1][0][2][2][2][0][0]
[ ][ ][2][2][1][1][0][1][F][1][0][0]
[ ][ ][F][1][0][0][0][1][1][1][0][0]
[ ][ ][2][1][0][0][1][1][1][0][0][0]
[ ][ ][1][0][0][0][1][F][1][0][0][0]
[ ][ ][2][1][1][1][2][2][1][0][1][1]
[ ][ ][2][F][1][2][F][3][1][1][2][F]
[ ][ ][ ][2][1][2][F][ ][ ][ ][ ][ ]
[ ][ ][ ][3][1][1][1][ ][ ][ ][ ][ ]
[ ][ ][ ][ ][ ][ ][ ][ ][ ][ ][ ][ ]
Round: 6
Mines flagged from a single number, and remaining safe moves or flags:
board after flagging mines:
[ ][ ][1][0][0][0][0][1][1][1][0][0]
[ ][ ][1][1][1][1][0][1][F][1][0][0]
[ ][ ][2][1][F][1][0][2][2][2][0][0]
[ ][ ][2][2][1][1][0][1][F][1][0][0]
[ ][ ][F][1][0][0][0][1][1][1][0][0]
[ ][ ][2][1][0][0][1][1][1][0][0][0]
[ ][ ][1][0][0][0][1][F][1][0][0][0]
[ ][ ][2][1][1][1][2][2][1][0][1][1]
[ ][ ][2][F][1][2][F][3][1][1][2][F]
[ ][ ][ ][2][1][2][F][ ][ ][ ][ ][ ]
[ ][ ][ ][3][1][1][1][ ][ ][ ][ ][ ]
[ ][ ][ ][ ][ ][ ][ ][ ][ ][ ][ ][ ]
Moves that can be taken after flagging mines:
g12
h10
f12
h12
h11
e12
board after making safe moves:
[ ][ ][1][0][0][0][0][1][1][1][0][0]
[ ][ ][1][1][1][1][0][1][F][1][0][0]
[ ][ ][2][1][F][1][0][2][2][2][0][0]
[ ][ ][2][2][1][1][0][1][F][1][0][0]
[ ][ ][F][1][0][0][0][1][1][1][0][0]
[ ][ ][2][1][0][0][1][1][1][0][0][0]
[ ][ ][1][0][0][0][1][F][1][0][0][0]
[ ][ ][2][1][1][1][2][2][1][0][1][1]
[ ][ ][2][F][1][2][F][3][1][1][2][F]
[ ][ ][ ][2][1][2][F][3][ ][ ][ ][ ]
[ ][ ][ ][3][1][1][1][2][1][1][1][1]
[ ][ ][ ][ ][1][0][0][0][0][0][0][0]
Round: 7
Mines flagged from a single number, and remaining safe moves or flags:
d12f
i10f
board after flagging mines:
[ ][ ][1][0][0][0][0][1][1][1][0][0]
[ ][ ][1][1][1][1][0][1][F][1][0][0]
[ ][ ][2][1][F][1][0][2][2][2][0][0]
[ ][ ][2][2][1][1][0][1][F][1][0][0]
[ ][ ][F][1][0][0][0][1][1][1][0][0]
[ ][ ][2][1][0][0][1][1][1][0][0][0]
[ ][ ][1][0][0][0][1][F][1][0][0][0]
[ ][ ][2][1][1][1][2][2][1][0][1][1]
[ ][ ][2][F][1][2][F][3][1][1][2][F]
[ ][ ][ ][2][1][2][F][3][F][ ][ ][ ]
[ ][ ][ ][3][1][1][1][2][1][1][1][1]
[ ][ ][ ][F][1][0][0][0][0][0][0][0]
Moves that can be taken after flagging mines:
j10
k10
board after making safe moves:
[ ][ ][1][0][0][0][0][1][1][1][0][0]
[ ][ ][1][1][1][1][0][1][F][1][0][0]
[ ][ ][2][1][F][1][0][2][2][2][0][0]
[ ][ ][2][2][1][1][0][1][F][1][0][0]
[ ][ ][F][1][0][0][0][1][1][1][0][0]
[ ][ ][2][1][0][0][1][1][1][0][0][0]
[ ][ ][1][0][0][0][1][F][1][0][0][0]
[ ][ ][2][1][1][1][2][2][1][0][1][1]
[ ][ ][2][F][1][2][F][3][1][1][2][F]
[ ][ ][ ][2][1][2][F][3][F][1][2][ ]
[ ][ ][ ][3][1][1][1][2][1][1][1][1]
[ ][ ][ ][F][1][0][0][0][0][0][0][0]
Round: 8
Mines flagged from a single number, and remaining safe moves or flags:
l10f
board after flagging mines:
[ ][ ][1][0][0][0][0][1][1][1][0][0]
[ ][ ][1][1][1][1][0][1][F][1][0][0]
[ ][ ][2][1][F][1][0][2][2][2][0][0]
[ ][ ][2][2][1][1][0][1][F][1][0][0]
[ ][ ][F][1][0][0][0][1][1][1][0][0]
[ ][ ][2][1][0][0][1][1][1][0][0][0]
[ ][ ][1][0][0][0][1][F][1][0][0][0]
[ ][ ][2][1][1][1][2][2][1][0][1][1]
[ ][ ][2][F][1][2][F][3][1][1][2][F]
[ ][ ][ ][2][1][2][F][3][F][1][2][F]
[ ][ ][ ][3][1][1][1][2][1][1][1][1]
[ ][ ][ ][F][1][0][0][0][0][0][0][0]
Moves that can be taken after flagging mines:
board after making safe moves:
[ ][ ][1][0][0][0][0][1][1][1][0][0]
[ ][ ][1][1][1][1][0][1][F][1][0][0]
[ ][ ][2][1][F][1][0][2][2][2][0][0]
[ ][ ][2][2][1][1][0][1][F][1][0][0]
[ ][ ][F][1][0][0][0][1][1][1][0][0]
[ ][ ][2][1][0][0][1][1][1][0][0][0]
[ ][ ][1][0][0][0][1][F][1][0][0][0]
[ ][ ][2][1][1][1][2][2][1][0][1][1]
[ ][ ][2][F][1][2][F][3][1][1][2][F]
[ ][ ][ ][2][1][2][F][3][F][1][2][F]
[ ][ ][ ][3][1][1][1][2][1][1][1][1]
[ ][ ][ ][F][1][0][0][0][0][0][0][0]
Round: 9
Mines flagged from a single number, and remaining safe moves or flags:
board after flagging mines:
[ ][ ][1][0][0][0][0][1][1][1][0][0]
[ ][ ][1][1][1][1][0][1][F][1][0][0]
[ ][ ][2][1][F][1][0][2][2][2][0][0]
[ ][ ][2][2][1][1][0][1][F][1][0][0]
[ ][ ][F][1][0][0][0][1][1][1][0][0]
[ ][ ][2][1][0][0][1][1][1][0][0][0]
[ ][ ][1][0][0][0][1][F][1][0][0][0]
[ ][ ][2][1][1][1][2][2][1][0][1][1]
[ ][ ][2][F][1][2][F][3][1][1][2][F]
[ ][ ][ ][2][1][2][F][3][F][1][2][F]
[ ][ ][ ][3][1][1][1][2][1][1][1][1]
[ ][ ][ ][F][1][0][0][0][0][0][0][0]
Moves that can be taken after flagging mines:
board after making safe moves:
[ ][ ][1][0][0][0][0][1][1][1][0][0]
[ ][ ][1][1][1][1][0][1][F][1][0][0]
[ ][ ][2][1][F][1][0][2][2][2][0][0]
[ ][ ][2][2][1][1][0][1][F][1][0][0]
[ ][ ][F][1][0][0][0][1][1][1][0][0]
[ ][ ][2][1][0][0][1][1][1][0][0][0]
[ ][ ][1][0][0][0][1][F][1][0][0][0]
[ ][ ][2][1][1][1][2][2][1][0][1][1]
[ ][ ][2][F][1][2][F][3][1][1][2][F]
[ ][ ][ ][2][1][2][F][3][F][1][2][F]
[ ][ ][ ][3][1][1][1][2][1][1][1][1]
[ ][ ][ ][F][1][0][0][0][0][0][0][0]
Tiles that cannot be mines due to making some number tile unsatisfiable:
b5
b1
b3
board after revealing thoise tiles:
[ ][1][1][0][0][0][0][1][1][1][0][0]
[ ][ ][1][1][1][1][0][1][F][1][0][0]
[ ][2][2][1][F][1][0][2][2][2][0][0]
[ ][ ][2][2][1][1][0][1][F][1][0][0]
[ ][2][F][1][0][0][0][1][1][1][0][0]
[ ][ ][2][1][0][0][1][1][1][0][0][0]
[ ][ ][1][0][0][0][1][F][1][0][0][0]
[ ][ ][2][1][1][1][2][2][1][0][1][1]
[ ][ ][2][F][1][2][F][3][1][1][2][F]
[ ][ ][ ][2][1][2][F][3][F][1][2][F]
[ ][ ][ ][3][1][1][1][2][1][1][1][1]
[ ][ ][ ][F][1][0][0][0][0][0][0][0]
Tiles that cannot be mines due to remaining available flags being needed in other board segments:
board after revealing thoise tiles:
[ ][1][1][0][0][0][0][1][1][1][0][0]
[ ][ ][1][1][1][1][0][1][F][1][0][0]
[ ][2][2][1][F][1][0][2][2][2][0][0]
[ ][ ][2][2][1][1][0][1][F][1][0][0]
[ ][2][F][1][0][0][0][1][1][1][0][0]
[ ][ ][2][1][0][0][1][1][1][0][0][0]
[ ][ ][1][0][0][0][1][F][1][0][0][0]
[ ][ ][2][1][1][1][2][2][1][0][1][1]
[ ][ ][2][F][1][2][F][3][1][1][2][F]
[ ][ ][ ][2][1][2][F][3][F][1][2][F]
[ ][ ][ ][3][1][1][1][2][1][1][1][1]
[ ][ ][ ][F][1][0][0][0][0][0][0][0]
Round: 10
Mines flagged from a single number, and remaining safe moves or flags:
b4f
b2f
board after flagging mines:
[ ][1][1][0][0][0][0][1][1][1][0][0]
[ ][F][1][1][1][1][0][1][F][1][0][0]
[ ][2][2][1][F][1][0][2][2][2][0][0]
[ ][F][2][2][1][1][0][1][F][1][0][0]
[ ][2][F][1][0][0][0][1][1][1][0][0]
[ ][ ][2][1][0][0][1][1][1][0][0][0]
[ ][ ][1][0][0][0][1][F][1][0][0][0]
[ ][ ][2][1][1][1][2][2][1][0][1][1]
[ ][ ][2][F][1][2][F][3][1][1][2][F]
[ ][ ][ ][2][1][2][F][3][F][1][2][F]
[ ][ ][ ][3][1][1][1][2][1][1][1][1]
[ ][ ][ ][F][1][0][0][0][0][0][0][0]
Moves that can be taken after flagging mines:
a1
b6
a3
a6
a4
a5
a2
board after making safe moves:
[1][1][1][0][0][0][0][1][1][1][0][0]
[1][F][1][1][1][1][0][1][F][1][0][0]
[2][2][2][1][F][1][0][2][2][2][0][0]
[1][F][2][2][1][1][0][1][F][1][0][0]
[1][2][F][1][0][0][0][1][1][1][0][0]
[2][3][2][1][0][0][1][1][1][0][0][0]
[ ][ ][1][0][0][0][1][F][1][0][0][0]
[ ][ ][2][1][1][1][2][2][1][0][1][1]
[ ][ ][2][F][1][2][F][3][1][1][2][F]
[ ][ ][ ][2][1][2][F][3][F][1][2][F]
[ ][ ][ ][3][1][1][1][2][1][1][1][1]
[ ][ ][ ][F][1][0][0][0][0][0][0][0]
Round: 11
Mines flagged from a single number, and remaining safe moves or flags:
b7f
a7f
board after flagging mines:
[1][1][1][0][0][0][0][1][1][1][0][0]
[1][F][1][1][1][1][0][1][F][1][0][0]
[2][2][2][1][F][1][0][2][2][2][0][0]
[1][F][2][2][1][1][0][1][F][1][0][0]
[1][2][F][1][0][0][0][1][1][1][0][0]
[2][3][2][1][0][0][1][1][1][0][0][0]
[F][F][1][0][0][0][1][F][1][0][0][0]
[ ][ ][2][1][1][1][2][2][1][0][1][1]
[ ][ ][2][F][1][2][F][3][1][1][2][F]
[ ][ ][ ][2][1][2][F][3][F][1][2][F]
[ ][ ][ ][3][1][1][1][2][1][1][1][1]
[ ][ ][ ][F][1][0][0][0][0][0][0][0]
Moves that can be taken after flagging mines:
b8
b9
board after making safe moves:
[1][1][1][0][0][0][0][1][1][1][0][0]
[1][F][1][1][1][1][0][1][F][1][0][0]
[2][2][2][1][F][1][0][2][2][2][0][0]
[1][F][2][2][1][1][0][1][F][1][0][0]
[1][2][F][1][0][0][0][1][1][1][0][0]
[2][3][2][1][0][0][1][1][1][0][0][0]
[F][F][1][0][0][0][1][F][1][0][0][0]
[ ][3][2][1][1][1][2][2][1][0][1][1]
[ ][2][2][F][1][2][F][3][1][1][2][F]
[ ][ ][ ][2][1][2][F][3][F][1][2][F]
[ ][ ][ ][3][1][1][1][2][1][1][1][1]
[ ][ ][ ][F][1][0][0][0][0][0][0][0]
Round: 12
Mines flagged from a single number, and remaining safe moves or flags:
board after flagging mines:
[1][1][1][0][0][0][0][1][1][1][0][0]
[1][F][1][1][1][1][0][1][F][1][0][0]
[2][2][2][1][F][1][0][2][2][2][0][0]
[1][F][2][2][1][1][0][1][F][1][0][0]
[1][2][F][1][0][0][0][1][1][1][0][0]
[2][3][2][1][0][0][1][1][1][0][0][0]
[F][F][1][0][0][0][1][F][1][0][0][0]
[ ][3][2][1][1][1][2][2][1][0][1][1]
[ ][2][2][F][1][2][F][3][1][1][2][F]
[ ][ ][ ][2][1][2][F][3][F][1][2][F]
[ ][ ][ ][3][1][1][1][2][1][1][1][1]
[ ][ ][ ][F][1][0][0][0][0][0][0][0]
Moves that can be taken after flagging mines:
board after making safe moves:
[1][1][1][0][0][0][0][1][1][1][0][0]
[1][F][1][1][1][1][0][1][F][1][0][0]
[2][2][2][1][F][1][0][2][2][2][0][0]
[1][F][2][2][1][1][0][1][F][1][0][0]
[1][2][F][1][0][0][0][1][1][1][0][0]
[2][3][2][1][0][0][1][1][1][0][0][0]
[F][F][1][0][0][0][1][F][1][0][0][0]
[ ][3][2][1][1][1][2][2][1][0][1][1]
[ ][2][2][F][1][2][F][3][1][1][2][F]
[ ][ ][ ][2][1][2][F][3][F][1][2][F]
[ ][ ][ ][3][1][1][1][2][1][1][1][1]
[ ][ ][ ][F][1][0][0][0][0][0][0][0]
Tiles that cannot be mines due to making some number tile unsatisfiable:
board after revealing thoise tiles:
[1][1][1][0][0][0][0][1][1][1][0][0]
[1][F][1][1][1][1][0][1][F][1][0][0]
[2][2][2][1][F][1][0][2][2][2][0][0]
[1][F][2][2][1][1][0][1][F][1][0][0]
[1][2][F][1][0][0][0][1][1][1][0][0]
[2][3][2][1][0][0][1][1][1][0][0][0]
[F][F][1][0][0][0][1][F][1][0][0][0]
[ ][3][2][1][1][1][2][2][1][0][1][1]
[ ][2][2][F][1][2][F][3][1][1][2][F]
[ ][ ][ ][2][1][2][F][3][F][1][2][F]
[ ][ ][ ][3][1][1][1][2][1][1][1][1]
[ ][ ][ ][F][1][0][0][0][0][0][0][0]
Tiles that cannot be mines due to remaining available flags being needed in other board segments:
board after revealing thoise tiles:
[1][1][1][0][0][0][0][1][1][1][0][0]
[1][F][1][1][1][1][0][1][F][1][0][0]
[2][2][2][1][F][1][0][2][2][2][0][0]
[1][F][2][2][1][1][0][1][F][1][0][0]
[1][2][F][1][0][0][0][1][1][1][0][0]
[2][3][2][1][0][0][1][1][1][0][0][0]
[F][F][1][0][0][0][1][F][1][0][0][0]
[ ][3][2][1][1][1][2][2][1][0][1][1]
[ ][2][2][F][1][2][F][3][1][1][2][F]
[ ][ ][ ][2][1][2][F][3][F][1][2][F]
[ ][ ][ ][3][1][1][1][2][1][1][1][1]
[ ][ ][ ][F][1][0][0][0][0][0][0][0]
Board in parity, safe move cannot be derived
